LEM/with_lateral_4open/elevation_000225.asc
nrows	100
cellsize	150.0
xllcorner	0
ncols	100
yllcorner	0
NODATA_value	-9999
[rows 17 to 33 of 100, columns 0 to 36 of 100]
5.222468517465790605e-02 2.005222468517430201e+01 2.663892396244446203e+01 3.492271425402132934e+01 3.749223504598248979e+01 4.175612497172942028e+01 5.003790094249266929e+01 5.585485001365898228e+01 4.756604516165434404e+01 5.258795789078860849e+01 4.248896316693156194e+01 5.493438179542020805e+01 3.492897035845959408e+01 5.493438551239453460e+01 7.391947016019108219e+01 7.007656203126467176e+01 7.836782233684007792e+01 8.763005474226649483e+01 9.003959119038138681e+01 7.868876325112385928e+01 6.470908714183850918e+01 7.379655974056139200e+01 6.037803115100827256e+01 4.876256251425414945e+01 2.895214739466556608e+01 3.563761592610061513e+01 5.368475453540455788e+01 6.455645633517971760e+01 4.959876418917677654e+01 2.980787616389369532e+01 4.679990777574982985e+01 3.513063225162183301e+01 4.264111829148575339e+01 6.226926032722990811e+01 7.404677357772854407e+01 8.385684865413702482e+01 8.431547365807483629e+01
7.333276091007127906e-02 1.421546915471783201e+01 3.421556961859376855e+01 3.851309015034573946e+01 3.854037278764938179e+01 4.684462711957660019e+01 5.513953781231687401e+01 4.430436883199973863e+01 2.756215564412515917e+01 3.258312449052484538e+01 3.094046165072314025e+01 4.359216207809365784e+01 3.007819823905896328e+01 5.008235924322014654e+01 5.938112348404833796e+01 5.006722870877533893e+01 6.421601657244268324e+01 8.422517036085667996e+01 8.182691134655061660e+01 6.216507642212404505e+01 5.087843641841205056e+01 5.425113597956124778e+01 5.220433166696118832e+01 3.243289757885311531e+01 4.876142543885335101e+01 5.537382828696125614e+01 5.537373267394208654e+01 6.547369626754449712e+01 4.584730507243617126e+01 3.182800345621568638e+01 5.159559235015424861e+01 4.910575018879052323e+01 5.485051885806156946e+01 5.506916229096122350e+01 6.889969509990152119e+01 8.856283782082283551e+01 7.610555717533104314e+01
6.343274376862209629e-02 2.006343274376688157e+01 2.291808360506286135e+01 1.851488613902131064e+01 1.851699036782565244e+01 3.853950334422899715e+01 4.064353743542752539e+01 2.684707608868466622e+01 1.601489756044774282e+01 1.844025381235189798e+01 2.094025381798589436e+01 2.358931855553900903e+01 2.701929051809834803e+01 3.304954844104434386e+01 3.937432231391834847e+01 5.938112348404833796e+01 7.007656203126467176e+01 9.008742293649906685e+01 8.532504461719854305e+01 7.386349041944235694e+01 6.000430723210583039e+01 4.034046960494985967e+01 3.701587404727833075e+01 3.642944191842220647e+01 4.785282894532682008e+01 6.748043654248924383e+01 7.507296695774121531e+01 6.749541747981071182e+01 4.788919637381344074e+01 3.389068190399889602e+01 5.363172557873537016e+01 6.871961738411806664e+01 7.447961216447903610e+01 7.465889602631951050e+01 8.283415740400673144e+01 8.389275985297807381e+01 6.405299742085621517e+01
3.497053469895897854e-02 1.474602036196349442e+00 2.917977709170416656e+00 4.372763644077038769e+00 2.437287079671031620e+01 2.799288602698322137e+01 2.916605910496661025e+01 1.270447400541771188e+01 2.684707608960141556e+01 3.844241218800076609e+01 3.508328237153934737e+01 3.773255289438625937e+01 4.702272261466996639e+01 3.319146017269113003e+01 5.319637263056742427e+01 6.653490032066129345e+01 7.482568640825653006e+01 8.638004309002337777e+01 7.701525693614809143e+01 5.736730765121069453e+01 4.606424858519386589e+01 6.000430723210581618e+01 5.672618774985561885e+01 4.078079771455409031e+01 6.043751870146131466e+01 7.569290434829508740e+01 7.726104395142155568e+01 6.746414726602294820e+01 5.570943211489266389e+01 3.599857126455116685e+01 5.570943283272620761e+01 6.918930345577733476e+01 7.810545045490476923e+01 8.629045571518857116e+01 9.767125928990498096e+01 9.209974380626204038e+01 8.064970754134684228e+01
9.635555453094322986e-02 2.009373982354016874e+01 2.291776869095875568e+01 2.437287223059798436e+01 6.480948750855949569e+00 7.992806642892852587e+00 9.522244868696585485e+00 2.945870820640872623e+01 4.075035608439291224e+01 5.513965838226460647e+01 5.508865602064448552e+01 5.773851003960592720e+01 6.148580243830343051e+01 4.474000729862753190e+01 4.049480158732469448e+01 4.652586927046680643e+01 5.807776491358175974e+01 7.808756212997687385e+01 8.408183906101092475e+01 6.438150207552851612e+01 5.058271962935612720e+01 7.015159718691616320e+01 6.493388149061827619e+01 4.533469047918632810e+01 5.918018075836557301e+01 7.882454383225871197e+01 6.910231017414594135e+01 4.955234027096206262e+01 3.967718653062839707e+01 5.570943064779698517e+01 4.142760661635004027e+01 6.104996134891736403e+01 5.854686876995886280e+01 6.979409750315642214e+01 8.945896974315202499e+01 8.900992051400669425e+01 7.749958667273020296e+01
8.845047570523793812e-02 9.032722382795871141e+00 2.903228963900639670e+01 3.476651839015681844e+01 1.802795198869018023e+01 2.213493276211368865e+01 2.952473399982260460e+01 1.253735831447483129e+01 3.254035994286919475e+01 5.116871383403265128e+01 6.117540820012229830e+01 7.533133932866640237e+01 7.303869215211554433e+01 6.474798249767925995e+01 5.204498416738688604e+01 6.653490032066130766e+01 6.067423923301219446e+01 8.068378780293618036e+01 8.626014667545653936e+01 6.653128330380916111e+01 5.622023248461093203e+01 7.580532697497382344e+01 7.058205401264386580e+01 5.101621045651813802e+01 6.132451800599794467e+01 8.099370729341266895e+01 7.726031508951720639e+01 6.201985318029845473e+01 4.241780571129643818e+01 6.201986388956044038e+01 6.104996134891737114e+01 4.726887238424139781e+01 6.681329805543771272e+01 7.447202247129713726e+01 9.416610293150597499e+01 8.074773647039943114e+01 6.081547601104332301e+01
8.023991185656004221e-02 2.008023991185620361e+01 2.536258226580360997e+01 4.536056121770197080e+01 3.217007863601198636e+01 4.213523726790209167e+01 3.471002970289865175e+01 1.470666289266294591e+01 2.287165602082505345e+01 3.287220242602963083e+01 4.701947707157818002e+01 6.651695591403037611e+01 6.882589977171727469e+01 7.712121145124827137e+01 7.205438126653314157e+01 8.034597710824394312e+01 8.068378780293618036e+01 8.897713358350370072e+01 9.454532741673618546e+01 8.202200175036831808e+01 6.236314998760584416e+01 8.202200175036831808e+01 7.677751031392483583e+01 5.718575725783464492e+01 7.677751031392483583e+01 8.924903706660752789e+01 7.606349136521822629e+01 5.652871900106726599e+01 4.523190616690156673e+01 6.478510461003109810e+01 7.496418361272178288e+01 6.681329805543771272e+01 5.494602984770769183e+01 6.871616162855588072e+01 8.836789978517258248e+01 8.333020857129186254e+01 6.340341898622438777e+01
4.598823041778624804e-02 1.418812386421810068e+01 3.418813630092788003e+01 5.363573088426086599e+01 5.217105802562568329e+01 4.854133510560268405e+01 2.853327151817706664e+01 1.698587442186239826e+01 3.698967426465595310e+01 4.341203790990862643e+01 4.649920400772655427e+01 4.649920400772654006e+01 4.880496268320329278e+01 6.882589977171727469e+01 7.476793877919635634e+01 8.306355201430808677e+01 8.314841337152401479e+01 9.144392241716525405e+01 9.827146906613587873e+01 7.837001730830444046e+01 7.363449317182636378e+01 9.029942966023361350e+01 8.502206385304482694e+01 6.588113886273933417e+01 8.502206385304482694e+01 9.735884602239683261e+01 8.424087262644918894e+01 6.981899691110916706e+01 5.032276822941778960e+01 5.032276822941778960e+01 6.981901349071652874e+01 8.264707003106579464e+01 6.871616162855582388e+01 6.725405582277666383e+01 8.689240513389013643e+01 8.074773648680763927e+01 6.081547601104337275e+01
7.340434288523949025e-02 2.007340434288488495e+01 3.831745762522658794e+01 5.245135944631932290e+01 5.724065191929243923e+01 5.683363113088848451e+01 4.522856846638219963e+01 3.111100817668476282e+01 2.039090054584426426e+01 2.340601399744356215e+01 2.649208103485300470e+01 3.465722737903013240e+01 5.466895939071979171e+01 5.893751525259787627e+01 5.474094522910779403e+01 6.898572718887480448e+01 6.311935049238752526e+01 8.314841337152401479e+01 9.547312312054027927e+01 9.827146906613587873e+01 9.347955154311662795e+01 1.017965351564125314e+02 9.387426879550103820e+01 7.976109836407317744e+01 9.387426879550103820e+01 8.914356237321727860e+01 6.947881468353278933e+01 5.826498355044383004e+01 6.981901346524715279e+01 5.401886153802750812e+01 6.774981750427153315e+01 8.738470541519943424e+01 8.836789978360290831e+01 8.110332079571064412e+01 9.510028012022664257e+01 8.900992300352774578e+01 7.749958821827195266e+01
3.515918393995972474e-02 1.003515917839987814e+01 2.417728598771842741e+01 3.724163985050532233e+01 3.724142040768094120e+01 5.259379666290759303e+01 5.891633367608157812e+01 4.853524293554774971e+01 4.039601632515751817e+01 2.642113271554812215e+01 4.642844922831464061e+01 3.149208587238010892e+01 3.514358139686918747e+01 3.892326566911210506e+01 4.318743557826235246e+01 4.896190859779872540e+01 5.713254924875833751e+01 6.714802466315478569e+01 8.717839600412118273e+01 9.840089313287941764e+01 9.004480685478333157e+01 8.997464982025375946e+01 9.831909571219044608e+01 9.967197801676029201e+01 1.022886375583262435e+02 8.250096007264934883e+01 6.864073450382397823e+01 7.779011500103190713e+01 7.775741546891782718e+01 5.825089178852714156e+01 6.774981750427153315e+01 8.159318132016113623e+01 1.013666814322515535e+02 1.008684910568447606e+02 9.239428389777656037e+01 8.387185473399266300e+01 8.162357014878513439e+01
4.608085242692564615e-02 2.004608085242657012e+01 2.907658358318902714e+01 1.724152287802839112e+01 2.431259068894992126e+01 3.845471437020683680e+01 5.845373853307528123e+01 5.712624270433650508e+01 3.711250371346682186e+01 4.642844922831464061e+01 3.458634936209673327e+01 5.150157671950873350e+01 5.515517760434926942e+01 4.892604204310458016e+01 6.320534866199380275e+01 5.584452436743909942e+01 7.587155493406194751e+01 8.545868852204333166e+01 9.547312312054027927e+01 8.671528738521783453e+01 6.977712171577408640e+01 6.970991328235928108e+01 8.663944589364307092e+01 9.028739272893810153e+01 9.863042967015368845e+01 9.651074455014708064e+01 8.250096007264934883e+01 9.651074455014708064e+01 8.224679661133126274e+01 6.267803789251414059e+01 8.224679661133126274e+01 9.559522506738005632e+01 9.899285780935440471e+01 8.873521842596727538e+01 8.024676957492526697e+01 6.337455164858395307e+01 6.113956741279032059e+01
1.610643649003322755e-02 4.488242391489630556e+00 9.076557068900905634e+00 2.062356200214168567e+01 4.062243946683887685e+01 3.845471437020683680e+01 5.845373853307528123e+01 6.542055027871558082e+01 4.711596969923496658e+01 6.289235410602996268e+01 5.459828963262116730e+01 4.401642243253439801e+01 6.403526030818620995e+01 6.308314400935831401e+01 7.724460557255983417e+01 7.000607494377999274e+01 8.416716710589599870e+01 8.564962960444286466e+01 9.156584325609387065e+01 7.766462948877493488e+01 5.809459410946968916e+01 5.802840184258748479e+01 7.376068365515681080e+01 7.004639054984363611e+01 8.569595876499124643e+01 9.404554769794411584e+01 1.022886375583262435e+02 9.838373898292171305e+01 7.862010157337461180e+01 6.879245267178085044e+01 7.862010157337461180e+01 9.838373898292171305e+01 9.051367534589769548e+01 6.997987234151737823e+01 5.985179582580931168e+01 5.222411666351901260e+01 4.681287043239970558e+01
2.022278438842990689e-02 2.002022278438807490e+01 2.907658358318902714e+01 3.735704396398369909e+01 4.889493280908681783e+01 5.845373853307528123e+01 6.673287895560336835e+01 7.543165782122785856e+01 6.713651570943808622e+01 7.543165782122785856e+01 7.233031994277762067e+01 5.817015360052542405e+01 5.817015360052542405e+01 7.819488046658607061e+01 9.140606713576140407e+01 9.003207627642879629e+01 7.970108369235586565e+01 6.539963701654666295e+01 7.133072252656434387e+01 6.928775243054205646e+01 4.909588704935571002e+01 4.903005153774545022e+01 5.354898995380514748e+01 7.287896127376575350e+01 6.543050634652281872e+01 7.976971470646586226e+01 1.000031775450162144e+02 1.066132483430946820e+02 9.505969239874202970e+01 7.528791010711358922e+01 9.505969239874202970e+01 1.066132483430946820e+02 9.899285780935440471e+01 8.535454881861681997e+01 6.501200148712689497e+01 7.253818756365168952e+01 6.071843322342578375e+01
6.642187732006160639e-02 1.420856142662017874e+01 3.420915298701635265e+01 4.169762150231520081e+01 4.998246989706670007e+01 6.168046482037637190e+01 6.168046482037637190e+01 6.996486288412772581e+01 8.143149322249153954e+01 7.349960675423878342e+01 8.143149322249153954e+01 7.819488046658607061e+01 7.819488046658607061e+01 8.649048628502993097e+01 8.935614426689707557e+01 8.099841777648582308e+01 7.133072252656434387e+01 5.112622937093711784e+01 7.133072252656434387e+01 6.214902438684554653e+01 4.200962094752210874e+01 4.084734403046454077e+01 4.556611961220166052e+01 5.265974689187464719e+01 7.287896127376575350e+01 9.186154101091607060e+01 1.035317151795287458e+02 1.149157937214492762e+02 9.505969239874202970e+01 8.667272007287489544e+01 1.032893255261464276e+02 1.167546819903718642e+02 1.047235017603671849e+02 8.519682258981663381e+01 8.535454881861681997e+01 7.226652762655109541e+01 6.397645968282051143e+01
1.591255364720534082e-02 2.001591255364684940e+01 2.755497762415975416e+01 2.169758038851530202e+01 4.169764466908332423e+01 4.168045242798422834e+01 4.168045242798422834e+01 6.168046482037637190e+01 7.194791292079385414e+01 5.460787745746129218e+01 7.194791292079385414e+01 8.040873444858326025e+01 7.194454898437136592e+01 8.040873444858326025e+01 7.768476949164036682e+01 6.076723147072751630e+01 6.418735546617365628e+01 4.403223274136614407e+01 6.418735546617365628e+01 5.578019418542566399e+01 3.568123112778122419e+01 5.578019418542566399e+01 6.573046879463947789e+01 5.561360852051019776e+01 6.323928503042107963e+01 7.494574325701890416e+01 9.520409092802351836e+01 9.760057138120511411e+01 1.059126849684872838e+02 1.065165096567135805e+02 1.147530875403334250e+02 1.038675673553319001e+02 8.927415459832434408e+01 9.209141855567614243e+01 7.773409035127851041e+01 6.397663578089490244e+01 4.387229951476399492e+01
6.189296070378335485e-02 3.775799724244813582e+00 7.555444454337069793e+00 2.755544547733580174e+01 3.859404694007692171e+01 2.753831689236089630e+01 3.908532224683648337e+01 5.908533069557463335e+01 6.405374210585004846e+01 4.503208427961557447e+01 6.405374210585004846e+01 7.010972081496950636e+01 5.127872492913941471e+01 7.010972081496950636e+01 6.865607998081136998e+01 4.913354635094936640e+01 5.811035731328711051e+01 3.799440358860168487e+01 5.704720565365629170e+01 4.869830095842650053e+01 3.263098050629670155e+01 4.080164811839206607e+01 5.083482620063469426e+01 6.510396419846588856e+01 8.350792511000847185e+01 9.186154101091607060e+01 9.432369569662100162e+01 7.752557461782657811e+01 8.862275989900459194e+01 9.693589247862448133e+01 1.085202841840101513e+02 9.540829164579817245e+01 7.519503286652022211e+01 8.255946006534200876e+01 6.358904983209777129e+01 4.939303530850421708e+01 6.040641005434541455e+01
2.247884206357958492e-02 2.002247884206322581e+01 2.755544547733580174e+01 1.387999977467377377e+01 1.859404498258400906e+01 3.014105035954613143e+01 5.014105500718492436e+01 6.736971101918091165e+01 5.771318949710522617e+01 3.853758847221004658e+01 5.771318949710522617e+01 5.138490236682322632e+01 4.115816777689113337e+01 6.161163695675537610e+01 6.029120303888750243e+01 4.015977315477684328e+01 5.022548784797009347e+01 3.244483259243293816e+01 4.493869955605539701e+01 2.863074739579468542e+01 4.019048426192109247e+01 6.032019349752860649e+01 6.930357422903580300e+01 7.940448009735079893e+01 9.370499599601370733e+01 8.904660082458660497e+01 8.072629550916022367e+01 6.586153308021870600e+01 6.849064689290118224e+01 8.014443552528503290e+01 1.002043663750301192e+02 1.023381548770383773e+02 8.255946006534200876e+01 6.256997211910649526e+01 5.547753891647774793e+01 6.943667687591290871e+01 6.867328300933145613e+01
