LEM/with_lateral_4open/elevation_000437.asc
nrows	100
cellsize	150.0
xllcorner	0
ncols	100
yllcorner	0
NODATA_value	-9999
[rows 51 to 67 of 100, columns 0 to 36 of 100]
6.455108993161302877e-02 2.006341371755453196e+01 2.120095413605725199e+01 2.176645480674987709e+01 2.606393519843382744e+00 2.250450113256837170e+01 2.403411193931801648e+01 2.470075755557896002e+01 2.531544199466635447e+01 2.476048018529872863e+01 6.814564365411034608e+00 7.438590401082961989e+00 8.063786939874512782e+00 2.806558579964038813e+01 2.959177784773068964e+01 1.122208839265785763e+01 3.118384266059064558e+01 4.557963364158673158e+01 5.386444397990573663e+01 4.921724828368511595e+01 5.502616080049747183e+01 5.512673976669176312e+01 3.830419117029153142e+01 3.617634491427425303e+01 5.628542247493126638e+01 6.067520432584976220e+01 5.247865932116698673e+01 3.734245532346440655e+01 5.706195002040008291e+01 7.019366061140978275e+01 7.841719602199799510e+01 8.262083525042022814e+01 6.533169178114438580e+01 4.545189595587670084e+01 4.374345233127179000e+01 3.582778699884339346e+01 3.709595926114799624e+01
3.995603441288197999e-02 6.202148881232864008e-01 1.200718120373680087e+00 1.781956376168696954e+00 2.176542403539355774e+01 5.368820970930041625e+00 1.952642549624465929e+01 3.950163175548257755e+01 3.745758336371937958e+01 1.750296423712384808e+01 2.681708773661770095e+01 2.744035173446303943e+01 1.174254680931130679e+01 3.331582072299937636e+01 3.185311339462601055e+01 1.238033623045605403e+01 3.233803224383085961e+01 4.227911030701441319e+01 5.636589674903853364e+01 6.905011618122493644e+01 7.485702244315481835e+01 6.673258153373839718e+01 5.841947958490295889e+01 4.372726470699718959e+01 6.391607583283047234e+01 7.274830000996753654e+01 5.302232740620377882e+01 4.166563609082701447e+01 4.481062295811518936e+01 5.048930949237769994e+01 7.019366061140978275e+01 8.183560761283786178e+01 6.173806985376971568e+01 6.540733269215178325e+01 5.135395309445782175e+01 5.578955704493543521e+01 5.705982690666511559e+01
4.804567899273937126e-02 2.004804567541938454e+01 2.120106370673287799e+01 9.877443812870934536e+00 2.665377610804648256e+01 7.353293048607944193e+00 2.737059580486653232e+01 3.851269070108639880e+01 4.574834930948293277e+01 3.162095235138889038e+01 3.746593776195292946e+01 4.177041908943995452e+01 2.448189673134280397e+01 4.173479622777923481e+01 3.722242242940548351e+01 1.724207664620399072e+01 1.407571835506357338e+01 2.819232386498159926e+01 4.331923219394160185e+01 5.153245195005599300e+01 6.003910607510156439e+01 7.290994433575831124e+01 7.221582532487221329e+01 5.543943944461419449e+01 7.221582532487221329e+01 8.098079269829845828e+01 6.613385984527030814e+01 4.644868812091985433e+01 6.450573865709240806e+01 7.019366061140978275e+01 6.098516566697380625e+01 8.076650813564822329e+01 8.183611366186703151e+01 8.003707214788904878e+01 7.164256121837973978e+01 6.471562243741877296e+01 4.473097743765298162e+01
9.707512844716031930e-02 2.009550190006855530e+01 3.656264242628824235e+01 2.230366817063692508e+01 2.665456674132357762e+01 2.737112389462183870e+01 1.025315091564069547e+01 3.025868370506050198e+01 4.148569955401961096e+01 5.157845608844014862e+01 5.743609783691400139e+01 5.371676748783920630e+01 4.542407728401774847e+01 4.491401325379333542e+01 2.488373083299287103e+01 3.719108478328824674e+01 2.895860436218301359e+01 1.578527266987953759e+01 3.128300050827408896e+01 3.186227755203040957e+01 5.183571238762503697e+01 5.299102513797901537e+01 6.708706701155317376e+01 7.549537647794100792e+01 8.378981952785683518e+01 8.523487727085790766e+01 6.541560454574438666e+01 5.151992646828354339e+01 7.122053512874458647e+01 8.900066186846393634e+01 7.236861753811990638e+01 8.900066186846393634e+01 9.779300358718016639e+01 8.502510467915466563e+01 6.503029934450452743e+01 5.089025265068438841e+01 6.471562243741877296e+01
5.001202446392439237e-03 1.414713682617746748e+01 3.414713682617816914e+01 4.248342406695352480e+01 4.651209884358911495e+01 3.852406144098323182e+01 3.025868370506050198e+01 1.323344327199373716e+01 3.322198170863570965e+01 4.458510952495237945e+01 5.351246155755976019e+01 6.503199678448702059e+01 6.476771977172278127e+01 4.491474999208159602e+01 3.133463272264478405e+01 5.070239703887127547e+01 4.276600255207294055e+01 2.989687102270183061e+01 1.751244262248839334e+01 3.745326969244512583e+01 4.624215285011943877e+01 3.892968954884953092e+01 5.882514149710170415e+01 7.139223793649847494e+01 7.307841013866713809e+01 8.135306829518852112e+01 7.122053512874458647e+01 7.122053512874458647e+01 6.132716595648489744e+01 8.111390430100419735e+01 9.223824003007445071e+01 1.004750751322712574e+02 8.949806708044916093e+01 6.950700285886506435e+01 5.796043308969903052e+01 7.088664223851857571e+01 7.917407738176427756e+01
5.279685921607564503e-02 2.005279685921572153e+01 3.584361809387908693e+01 4.478789000387840247e+01 5.633489538767111782e+01 4.734365453709807525e+01 2.737267323877460257e+01 3.322198075541147233e+01 1.634801757349395501e+01 2.528169631590620625e+01 3.681501357169877053e+01 5.678414030158805303e+01 6.535243016665853588e+01 4.556443457214480475e+01 4.299346426837024637e+01 5.956469096046699008e+01 5.806561330483614825e+01 4.570515323125950147e+01 3.745326969244512583e+01 1.926511370584444904e+01 2.632912942652377097e+01 4.624215285011942456e+01 5.147483567786841263e+01 5.147483567786841263e+01 5.315705745695426288e+01 7.307841013866713809e+01 9.107124047257779864e+01 8.936458794017609364e+01 8.111390430100419735e+01 7.528596843686420925e+01 9.518378610485179081e+01 1.047483792502590063e+02 8.474003080244052910e+01 7.060823189212359807e+01 6.552193914648849216e+01 8.551160385968502453e+01 8.086091391622635172e+01
5.738623160518319517e-05 7.559346846416182153e+00 1.650361875641549858e+01 2.805062414020821748e+01 4.805062414020892447e+01 5.560161346960742179e+01 4.734355926227714662e+01 3.861313401913290022e+01 1.864436722781040601e+01 3.861323000623576718e+01 5.029830021496768921e+01 6.182134623246226113e+01 7.356494734879295549e+01 6.535243016665853588e+01 6.278938371986504308e+01 7.099714626041473764e+01 6.795339281665506803e+01 5.636709826808669277e+01 4.258394856289757513e+01 2.295878509681445578e+01 2.116172803551315340e+01 4.108815047358026362e+01 3.158034290992631199e+01 3.910363932170935186e+01 5.315705745695426998e+01 7.307841013866713809e+01 8.362599255900929052e+01 8.362599255900929052e+01 9.190008600429317198e+01 9.518378610485179081e+01 1.034432074434883333e+02 9.682551581024820564e+01 9.889593963306364799e+01 9.060034038246323007e+01 7.551603876418658956e+01 9.380398751715839012e+01 8.914649451058133423e+01
4.532054705376769438e-02 2.004532054705341082e+01 3.382775970280965794e+01 4.211228146239798065e+01 5.105696921601321492e+01 6.260503714067909442e+01 5.273406170054229847e+01 3.276419022748829235e+01 3.861323000623576718e+01 2.206820021049540514e+01 3.359576320699062535e+01 5.357037393857152807e+01 6.824688233353873557e+01 7.153091241472645834e+01 7.976565496019445334e+01 7.293234355604445796e+01 5.963105107530885363e+01 3.957288231413007651e+01 2.834066765265282584e+01 4.258394856289757513e+01 4.108815047358073258e+01 2.307162647420478052e+01 4.299179545855488982e+01 5.228808784781880803e+01 6.230318538523704319e+01 7.151835297912184330e+01 6.359160384936938470e+01 6.359160384936938470e+01 8.362599255900929052e+01 9.116697607591250119e+01 9.100271330785565738e+01 7.690520506031596426e+01 9.100271330785565738e+01 1.038059988117077239e+02 8.964443461039458327e+01 9.605011658978800426e+01 7.608045903030225077e+01
9.001595176218035732e-02 6.756682618428875742e+00 1.382775043029441342e+01 2.277202234031082284e+01 3.431902774167594572e+01 5.431912574554111472e+01 6.098563169039693577e+01 5.273406186168284648e+01 4.869761552071169319e+01 2.871885012578252017e+01 2.590607462916148052e+01 4.003416129315366589e+01 5.743044579525063398e+01 5.158984128567465177e+01 7.153091241472645834e+01 6.461710284818541083e+01 4.444315594234412714e+01 3.455845300699377276e+01 4.805046194314498820e+01 5.636709867911232408e+01 4.962399965310501671e+01 2.972738705358415956e+01 2.508572949898809767e+01 2.991142885426599562e+01 4.320566002999353117e+01 5.884652644071405092e+01 4.920243832418556451e+01 6.889468659605913103e+01 7.729223008934832251e+01 7.141194732803539580e+01 7.141194732803538159e+01 6.311943561031041128e+01 8.273972899562788541e+01 1.009622761858931170e+02 1.096610617229628417e+02 1.043558531063278423e+02 9.281247181259833212e+01
5.674351268809080251e-02 2.005674351268773492e+01 2.965994576787499071e+01 3.500517060612307318e+01 4.103539749767823963e+01 4.810646530954359434e+01 5.639073655700519794e+01 6.499165942597295498e+01 4.503561271877486405e+01 3.871121190282233471e+01 4.588248998307774684e+01 2.989639970694009818e+01 3.745123099954633972e+01 5.743044579525063398e+01 7.074270009478014742e+01 7.293234355604445796e+01 5.991815706756093363e+01 3.975800352745540067e+01 5.991815706756093363e+01 6.110935745646646211e+01 4.121613419793673927e+01 4.962399965310319772e+01 3.917080854396178324e+01 2.714036863662977339e+01 4.703132292773199197e+01 3.878527328933200380e+01 5.460865431648407053e+01 5.109688373122653360e+01 6.414805819758571204e+01 6.425730856794332624e+01 5.248254901140619921e+01 6.162302615442034437e+01 7.279237839103662111e+01 9.268707960021905023e+01 1.069273253947302607e+02 1.035859981734207338e+02 8.356271485875055305e+01
9.518805923843161321e-02 4.809233267148728785e+00 9.659945767875345979e+00 1.500517060612378728e+01 2.103539749767895373e+01 2.810646530954430489e+01 3.965347069333640917e+01 5.965347069333569863e+01 6.499165942597295498e+01 5.025473215840082020e+01 5.813390636688355784e+01 4.987681738749551386e+01 3.436337608361107243e+01 4.253026949359700382e+01 5.407559338732403376e+01 7.400900199251056222e+01 6.601624505875230398e+01 4.579117525339864159e+01 6.601624505875230398e+01 6.937434430149751563e+01 5.269005026158976079e+01 6.732934938363153776e+01 4.900116064336224753e+01 2.911531896667460373e+01 3.019871676028330043e+01 3.238551242318082046e+01 3.474813257362911401e+01 4.700955038778451467e+01 5.064134963741238238e+01 4.584124130953239273e+01 4.986618009135852247e+01 5.782220941618704302e+01 6.730438455773565920e+01 7.868558705510892537e+01 9.865068153784977767e+01 1.035859964828774622e+02 8.356271485775981489e+01
9.062254805971975413e-02 2.009062254805936476e+01 2.965994576787499071e+01 3.500517060612307318e+01 4.103539749767823963e+01 4.810646530954359434e+01 5.639073655700519794e+01 6.793774194079630036e+01 7.843436013335919199e+01 7.019863928934414332e+01 6.934623720147554593e+01 4.939427139009897161e+01 3.784428235558500830e+01 5.782605369300648590e+01 7.074270009478014742e+01 8.224130282062859010e+01 7.314576319462504728e+01 5.298044071275252520e+01 7.314576319462504728e+01 8.088480453274569015e+01 7.261034496693324058e+01 6.505681289390891209e+01 4.516146948384619009e+01 3.110800908009954924e+01 5.008134701268402011e+01 5.226320750426758366e+01 5.221044563906200153e+01 3.822795393447089651e+01 4.138281438674012236e+01 6.133882450041350154e+01 6.854178660771577825e+01 5.708903801200782624e+01 6.806292970705379730e+01 8.204092929888338404e+01 1.020123503044433022e+02 1.118942687683704662e+02 1.035859964539769464e+02
3.063233560239582431e-02 1.157763771939481146e+01 2.571977334312551022e+01 4.571977334312479968e+01 4.692748509044164962e+01 5.520898917913098813e+01 6.809808203548746519e+01 5.981801893962155958e+01 6.809808203548772099e+01 7.964060270198206126e+01 7.759575410016476837e+01 6.160097461154867915e+01 4.162597067275244456e+01 5.317436923123263171e+01 6.728655851368485230e+01 8.717562640894541914e+01 8.144239040484329450e+01 6.466777603300594990e+01 8.144239040484329450e+01 8.595080010554063676e+01 6.601469803301228012e+01 6.432402058499408781e+01 5.300680558915960461e+01 3.313058008429215562e+01 4.717865556463010535e+01 6.707720428755807518e+01 6.752625590759625140e+01 6.150092714850347875e+01 4.406473829676014731e+01 6.512681012629690258e+01 8.056003868165539927e+01 7.644301459106711150e+01 6.721887092468115554e+01 7.705532131505216853e+01 9.115970559770434534e+01 1.111525090859375950e+02 1.068555525288848145e+02
5.666595628964066211e-02 2.005666595628928661e+01 2.893759009441997065e+01 3.278648395396594850e+01 2.692908949770429672e+01 4.692748509044164962e+01 5.129120867440674658e+01 3.982087631512762016e+01 5.136731672354090250e+01 7.136189284660517274e+01 7.311193162872696405e+01 5.317436923123263881e+01 6.160097461154867915e+01 4.870173642252201773e+01 6.282627200779349153e+01 8.272953317533310269e+01 9.301516244780255249e+01 8.472690903035504562e+01 9.164523640468277677e+01 7.752340207986587473e+01 6.601469803301228012e+01 4.612740079819190697e+01 3.620279603329811380e+01 5.300680558916020857e+01 4.306460205368126992e+01 5.711086886879715507e+01 7.704408329121741872e+01 7.371414067012172211e+01 6.513248865731274861e+01 5.071946447882367437e+01 6.594146833708035160e+01 8.681260444411300625e+01 8.703538996472175882e+01 9.530922410749074913e+01 1.052927480680251193e+02 1.084167439598847977e+02 9.673256028173767618e+01
2.110006612196471329e-02 2.002110006612160831e+01 8.938036881169171721e+00 1.278703867517248227e+01 3.278648395396594850e+01 4.398885974643443575e+01 3.129290252128622285e+01 5.129120867440674658e+01 5.396195632080185334e+01 7.395580473608210070e+01 8.134478696855727264e+01 6.470291227668359113e+01 7.689177064001496831e+01 6.024021619172793862e+01 5.812656301962073258e+01 7.222568998413882468e+01 9.209692158625720992e+01 9.244162494435802557e+01 8.090720541678231825e+01 6.340156775175140780e+01 4.934450427743245626e+01 3.942872877438195900e+01 5.607281378522745996e+01 6.433381089855045332e+01 6.294917220419441861e+01 5.711087800959406735e+01 6.860404353789390086e+01 8.857547627668807877e+01 8.056003868471714213e+01 6.318919095734975855e+01 5.993859214689009463e+01 7.075523279882906991e+01 8.545280250542987233e+01 1.056456221046663444e+02 1.119618556870091908e+02 1.000758502640224776e+02 7.979647825261267258e+01
9.367352646185668485e-02 3.685779566997347434e+00 2.368540049653554291e+01 3.278648395396594850e+01 1.927589542240773213e+01 2.398994038553811592e+01 4.398885974643443575e+01 5.957218371783988431e+01 7.395580473608210070e+01 8.223420775017301310e+01 9.282598217861752232e+01 8.459886568453326561e+01 8.837964389416704591e+01 8.015170656030151974e+01 7.222568998413882468e+01 7.222568998413882468e+01 9.209692158625720992e+01 8.415384380521921059e+01 6.418818263012568082e+01 5.270609265007868771e+01 4.643889435170611080e+01 5.929563902968350675e+01 4.324753736122232084e+01 6.312011451948188778e+01 7.134167582131891550e+01 7.603846367416170438e+01 8.431492360497453831e+01 9.687494312317109291e+01 9.254415089651760695e+01 8.416469612901357777e+01 6.964473713123716436e+01 8.946154603286036888e+01 9.969237889878949943e+01 1.060161807631908459e+02 9.176010215045081964e+01 1.060161807631908459e+02 9.673256324391344663e+01
3.648181865326004941e-02 2.003648181865290567e+01 2.818016543006676500e+01 3.186908044479822877e+01 3.571393605572628616e+01 3.471212745856632154e+01 4.474394097506954893e+01 5.060535466197505627e+01 5.765979437160392251e+01 6.589763173023465015e+01 7.584366362982180476e+01 8.851655133123567509e+01 8.022959733677440397e+01 8.851655133123567509e+01 9.209692158625720992e+01 9.209692158625720992e+01 1.003230589162847366e+02 8.674789964626596372e+01 6.677745660887900669e+01 7.262666395122752760e+01 5.530906234529756205e+01 6.793585672968798406e+01 4.805071226419125452e+01 4.798160042216955645e+01 5.142753051790047181e+01 5.609970616320968873e+01 7.604225702976752643e+01 9.025279080083983274e+01 9.780893752973474875e+01 9.862633058697726085e+01 8.437850308232761165e+01 9.862633058697726085e+01 1.006244674468908329e+02 9.227297468699713079e+01 7.738629214015563207e+01 9.696261885774838163e+01 8.991727949889033766e+01
