LEM/with_lateral_4open/elevation_000644.asc
nrows	100
cellsize	150.0
xllcorner	0
ncols	100
yllcorner	0
NODATA_value	-9999
[rows 0 to 16 of 100, columns 0 to 36 of 100]
8.271705653423140625e-02 2.127631151761726416e-02 9.425194436011796739e-02 4.939197167322698090e-02 3.975871534419905817e-02 6.171646774684565184e-02 1.696294146011132625e-02 1.936121709489252440e-02 4.216450047424835645e-02 2.297044857093000214e-02 6.704298068806634203e-02 4.162315340452049650e-02 3.835349583220235004e-02 2.777463300387698203e-02 2.207885817162396139e-02 7.161913568127860341e-02 9.025521335945362045e-02 3.502399586135773735e-02 8.040414306008919487e-02 3.131346976591601466e-02 7.604099264847130613e-02 2.387740603804927586e-02 5.687112022313325910e-02 4.074439634684711570e-02 8.709178300582484655e-02 7.612946965408906586e-02 1.077918208624280109e-02 9.929772718869623455e-03 4.600412614040166881e-02 2.152795518990661267e-02 2.378824418737431057e-02 9.511189423522797837e-02 9.406546861214974686e-02 1.749038473908382007e-03 2.223905489293687143e-03 6.269637160239108220e-02 9.476101746191394060e-02
7.813061968023242432e-02 2.002127631151726206e+01 2.009425194435976181e+01 1.419152759540430253e+01 1.003975871534428599e+01 2.006171646774648920e+01 2.001696294145975585e+01 6.686027883761529900e+00 4.042164500474231481e+00 2.002297044857057529e+01 1.420917860441914193e+01 2.004160848016283225e+01 2.003835349583184566e+01 2.249996855226103598e+00 2.002207885817126964e+01 1.007161913186167546e+01 2.009025521335909659e+01 1.417715961959243387e+01 2.008040414305973442e+01 3.081284876418015184e+00 2.007604099264811737e+01 1.416601305030007829e+01 2.005687112022277674e+01 7.111812208212352715e+00 2.008709178300546938e+01 1.421826509338516509e+01 2.001077915679499952e+01 1.218789664871073208e+00 1.652923990845854174e+00 1.976536886129638049e+01 2.002378824418702052e+01 2.009254639862266956e+01 1.009406474363618678e+01 5.346973876722604935e+00 2.000222390548893969e+01 4.534832326601951458e+00 2.009476101746155763e+01
2.526786264046545702e-02 1.416740348637129010e+01 3.416740348637058133e+01 3.419152759540500597e+01 2.418189433907548747e+01 3.832402996280517726e+01 3.375709569562623358e+01 1.375709569562694234e+01 8.124647405112826348e+00 2.812464740511246930e+01 3.420917860441984715e+01 3.603303338110362830e+01 1.603307021472106442e+01 4.486064832725902285e+00 2.448606495335079458e+01 2.421374797508867260e+01 3.835415988249043551e+01 3.417715961959314086e+01 2.616735761909026081e+01 6.167351875659866423e+00 2.616734981396251314e+01 3.416603096300630682e+01 3.539608345567324932e+01 1.605608411821166825e+01 3.539608345567525305e+01 3.421826509431395635e+01 2.291717400019374651e+01 2.739104360321733100e+00 2.121334546824237322e+01 1.729703514629780159e+01 3.662899332619307557e+01 3.832321891584302875e+01 2.423584992678062733e+01 1.089397583898539779e+01 3.089405521941940691e+01 2.453467571714036310e+01 1.120149899257298998e+01
4.163169627051844027e-03 2.000416316962669683e+01 2.822380503421335618e+01 4.822380503421405962e+01 4.418189433907619446e+01 4.530410107941854392e+01 2.530410107941925446e+01 3.238866173222428557e+01 1.238866173222499967e+01 2.653079735595569844e+01 4.653079735595498789e+01 4.431625493677339023e+01 2.679545132945354524e+01 6.795465909484414979e+00 2.679546600268434631e+01 4.421278069595341265e+01 4.403861294531993309e+01 2.403891223121534537e+01 1.249190719599667965e+01 1.075566655307114239e+01 3.075562607880491228e+01 4.610983213190075247e+01 4.434035536567456859e+01 3.019821974194287151e+01 4.434035536567256486e+01 3.957501913151171635e+01 2.392235669149378907e+01 4.083992475624818042e+00 2.411377513647499171e+01 3.453583702659297217e+01 4.472772951994430457e+01 5.242101490729591973e+01 3.692371426716836424e+01 1.692420273097449268e+01 3.692447236150935197e+01 3.620055973085103318e+01 1.620149899049084041e+01
5.883922493566802470e-02 8.223805034212999132e+00 2.236594065794420061e+01 4.236594065794490405e+01 6.163403269797248640e+01 4.163403269797319695e+01 4.530410107941854392e+01 3.755263952716742182e+01 1.755263952716813236e+01 2.871859335077923348e+01 4.871859335077851938e+01 4.330447431277906389e+01 2.329484857651077334e+01 9.152488513439593021e+00 2.329462413791875264e+01 4.329462449606670305e+01 5.231580288239426579e+01 3.749146086893874497e+01 1.749190719599676669e+01 3.075562678618945966e+01 1.782673436493676178e+01 3.196886897287526708e+01 5.196866295085094833e+01 5.019821974194357495e+01 4.878018192583165558e+01 3.185458705327448214e+01 1.194300086977109743e+01 2.063462611176918671e+01 5.858935367322270160e+00 2.758163469095536158e+01 3.715861595073810264e+01 5.717399589599468612e+01 4.399568762558227064e+01 2.399527056775923484e+01 4.399568762558227064e+01 4.174688580999967513e+01 2.174850093966673015e+01
1.256007409845548775e-02 2.001256007409810067e+01 3.650807628167389396e+01 4.646395853047776114e+01 5.474822977793936474e+01 6.163403269797248640e+01 4.608066818139168674e+01 2.608066818139240084e+01 3.755263952716742182e+01 4.583691077462902541e+01 5.700286459824013008e+01 4.517248043879349240e+01 3.157792101707073584e+01 1.159587740056567640e+01 3.159603141070444821e+01 4.465547779047278709e+01 5.618759715170124736e+01 4.283701261510437774e+01 2.283713203424534655e+01 4.283701261510437774e+01 2.415128968527468345e+01 3.782667300669608323e+01 5.782606543259881704e+01 5.438546056259318107e+01 3.503905826859745787e+01 2.127476603336530658e+01 3.089384798735979487e+01 2.675334961439192227e+01 7.103368536286165380e+00 1.711930026556304085e+01 3.714168440350810840e+01 5.390902371482986410e+01 5.228045144536703503e+01 3.554229032519342013e+01 5.228045144536703503e+01 4.807070584734298535e+01 2.807305612176432419e+01
9.594114293757748102e-02 2.009594114293722100e+01 3.381484788980446865e+01 2.646395853047847169e+01 4.060609415420892532e+01 6.060609415420821477e+01 5.436493942885329744e+01 3.502494009139124387e+01 4.241059979994634688e+01 6.241059979994563633e+01 5.108402004699778587e+01 3.108326716261032274e+01 1.694110223882806920e+01 3.159603141070444821e+01 1.637679183790333326e+01 2.792379306926164517e+01 4.792047720914186471e+01 4.886718795789656866e+01 2.886735892580212948e+01 4.886718795789656866e+01 3.309556159440103329e+01 3.829342347141776060e+01 5.829312337117850262e+01 5.438546056259317396e+01 3.503905826859745787e+01 4.070548828839563527e+01 3.800201734939398790e+01 2.835695067328548191e+01 8.360831357097636030e+00 1.220990410933508130e+01 3.310518804944004501e+01 3.399428761387132170e+01 5.390902539645664859e+01 5.554324308619618478e+01 6.382807446478530267e+01 5.634662171642246165e+01 3.701731941997854847e+01
7.711341127313005306e-02 6.743780077939767637e+00 1.381484788980518097e+01 3.381484788980446865e+01 4.471842501522132807e+01 5.300269626268352141e+01 6.330921133885213692e+01 4.657194547518334815e+01 6.241059979994563633e+01 6.597334831668332811e+01 5.516645042160948265e+01 3.516575788497276989e+01 2.102358514351163521e+01 4.102382510052652265e+01 3.637706029681943676e+01 2.162904915229508518e+01 4.162947393470942359e+01 5.593816226431128058e+01 3.593842673766454254e+01 5.593816226431128058e+01 4.309556152653674843e+01 5.829312337117850262e+01 6.657482671670103969e+01 6.252130558310998509e+01 5.438546056259317396e+01 4.438719290351620828e+01 2.439538977056126967e+01 1.025488895866572925e+01 2.835693067865816985e+01 2.544751305972177491e+01 1.801362575095485852e+01 3.764867957940045784e+01 5.102848471733980773e+01 5.939178153513546476e+01 6.842278780273630900e+01 6.528677218282160766e+01 5.115869198549813035e+01
2.297228869525369793e-03 5.549299191121840558e+00 1.132280188301814938e+01 1.764735720335502123e+01 2.471842501522062108e+01 3.626543039901354604e+01 5.626543039901424947e+01 6.657194547518193417e+01 7.485621672264323934e+01 5.769058278592481059e+01 3.769025746848708991e+01 2.769025182666978324e+01 4.102382510052652265e+01 4.930834608366112803e+01 4.547864161129089666e+01 2.547805094690028582e+01 4.547864161129089666e+01 6.421959869313538150e+01 5.008055345936767822e+01 5.593816226431128058e+01 5.723768032025962782e+01 7.137658454062155045e+01 7.805607487568958902e+01 5.805357792268096517e+01 4.391505977539067374e+01 4.758459773884894162e+01 3.160202587164531707e+01 1.160636727143784164e+01 3.160202341777994306e+01 4.026441103984798531e+01 3.764867957142657673e+01 2.472377552301944803e+01 3.113192968589406107e+01 3.986423867686017530e+01 5.412312440928349844e+01 7.439476165932656215e+01 7.114698576667865382e+01
9.647730019007895452e-02 2.009647730018972211e+01 3.132280188301850643e+01 3.764735720335572466e+01 4.471842501522132807e+01 5.300269626268352141e+01 6.454970164647744468e+01 6.306124328403220147e+01 7.134551398027019786e+01 6.597334831668332811e+01 5.323728500760099536e+01 3.323725386213303068e+01 5.323728500760099536e+01 6.371964570576113118e+01 4.370328051609268982e+01 2.956053385157403568e+01 4.370273910909399717e+01 6.370530434150109755e+01 7.007968088428208375e+01 7.593596034538043682e+01 7.723662978357683073e+01 7.199497889970180609e+01 6.371098475166311914e+01 6.172410450354073674e+01 4.172782340612006635e+01 2.759732578357026611e+01 2.003989452666122872e+01 1.296720670612042348e+01 2.451370015945382264e+01 4.450385941815569169e+01 5.273087054646262573e+01 3.439622729308520377e+01 4.439629970682633342e+01 5.939178153513546476e+01 6.842278780273630900e+01 7.399098052863176633e+01 6.561533578337491690e+01
3.582433992925927735e-02 1.003582433992934675e+01 2.417795996366054823e+01 4.417795996366125166e+01 5.899786256426459374e+01 6.208614748963969987e+01 5.979850882230332587e+01 4.306124328596501982e+01 5.979850882230332587e+01 7.134551431871079785e+01 5.956154297446312995e+01 3.956180980888212417e+01 5.956154297576222945e+01 6.581270541400945717e+01 4.588492084927377590e+01 3.510753581684897995e+01 4.589067999409559917e+01 6.003375220266040913e+01 8.004183792336634440e+01 8.048907472927129447e+01 7.220652941151605830e+01 6.044773721525351817e+01 4.371012883620745981e+01 4.851481628412813052e+01 4.503637220573544653e+01 3.732522173864276738e+01 1.733277954340399063e+01 1.453860809508760710e+01 3.453354343610127586e+01 5.278735008115204863e+01 6.275841991127160924e+01 5.439637212056744886e+01 6.275841991132126196e+01 7.285230450407192393e+01 7.617937073173385443e+01 6.561533578690821855e+01 4.552341889042690326e+01
1.813270376062421294e-02 2.001813270376026921e+01 3.832009558736989874e+01 3.899786256307841370e+01 3.899786256307842081e+01 4.208614748649846860e+01 4.208614748649846860e+01 3.151423790217291554e+01 4.306124328596501982e+01 6.306124328542092172e+01 6.784062670549086249e+01 5.110887886390152346e+01 5.589156842014649129e+01 7.395081073496977808e+01 6.271636073581628068e+01 4.266738409055869852e+01 4.775682076789789221e+01 6.190105970867241325e+01 8.192098690050146104e+01 7.220652941151605830e+01 5.219999118349952028e+01 5.216348520485187379e+01 3.217890247737754095e+01 2.853267636332953572e+01 2.505251373318525410e+01 2.180706373375506146e+01 3.611415424490781589e+01 1.611991092286657334e+01 3.611417682290542785e+01 4.602592186640499250e+01 5.083671414979995973e+01 5.906498188124666626e+01 7.050694500986290336e+01 8.207981612551681394e+01 6.188130221260018970e+01 4.769766402732602728e+01 3.770091748010877097e+01
2.372884694381488524e-02 2.002372884694345956e+01 2.594789115638625532e+01 1.899786256302197529e+01 3.237847958198196352e+01 3.591401348793861814e+01 2.208614748635244851e+01 2.915721529821804836e+01 4.329935092194949675e+01 6.329935092276595299e+01 7.938382521717026918e+01 7.110809688222097691e+01 7.588243751762217926e+01 8.413210050448954291e+01 7.109142563423306171e+01 5.267788745406016204e+01 6.776476062429816238e+01 7.606414235915838162e+01 8.390757109876831521e+01 7.220652941151605830e+01 5.219999118349952028e+01 3.806449407759018300e+01 5.216348520485187379e+01 4.851481628410041225e+01 3.658692007708438609e+01 4.179456228464071899e+01 3.784779668694614685e+01 1.785462418421063902e+01 2.189615938583566290e+01 2.616076727987808326e+01 3.100578297240824455e+01 4.247997368901408066e+01 6.225223391206679224e+01 7.937942857243373851e+01 7.198055916905848051e+01 5.185195546989636739e+01 5.774748699756434434e+01
8.175220331382776484e-02 2.999052033271725204e+00 5.947891156369680132e+00 8.997862563021799431e+00 1.237847958193589548e+01 1.591401348786866343e+01 3.591401348793861814e+01 4.915721529846263138e+01 4.329935092194949675e+01 5.744148654568167700e+01 7.744148654852779146e+01 7.864516647879231925e+01 7.032271862532914497e+01 7.864516647879231925e+01 8.116212406730790008e+01 7.280366646997954660e+01 8.116212406730790008e+01 8.977053910894602495e+01 6.976656589818465193e+01 5.561701144496603177e+01 4.561536909557798225e+01 5.805977056241768253e+01 6.634453295259376659e+01 6.486241946374531153e+01 5.657853846161061284e+01 4.032725701617223280e+01 2.033722277490782204e+01 3.784779241899223479e+01 4.178692034324587468e+01 3.765777150956231623e+01 5.083671414979995973e+01 3.990694306281710624e+01 5.132217201058072931e+01 7.109483973993894779e+01 8.036717804311808777e+01 7.198055916905848051e+01 7.580308080820427108e+01
9.124702163186203252e-02 2.009124702163150644e+01 2.594789115638625532e+01 2.054486794681452011e+01 3.237847958198196352e+01 3.005614911159986491e+01 2.746101887166138411e+01 3.900802425545430907e+01 5.900802425584571864e+01 7.158362240193170578e+01 7.310574118081358108e+01 6.478729229559529301e+01 5.027865922912641850e+01 6.634170079800558995e+01 7.343022064690650552e+01 8.175507971192696743e+01 9.335297367545935288e+01 8.786594015126600254e+01 6.786124856896816482e+01 5.630785658908819613e+01 6.562130272295431155e+01 7.390534781138515541e+01 6.723280376802421188e+01 5.894583423074707440e+01 5.360158996566213574e+01 4.209385795141181319e+01 2.210702785843917439e+01 2.765509904140835928e+01 4.763540018542173726e+01 5.743129946138942898e+01 6.566571847972112153e+01 5.388057899006040685e+01 5.388057899006040685e+01 7.367791583939759903e+01 8.031168399750616516e+01 7.212229253708137833e+01 7.212229253708137833e+01
2.239863785106879432e-02 1.416453430429531224e+01 3.416456025167303068e+01 4.054486794688143902e+01 4.882913922461044365e+01 5.005614911183716487e+01 4.746101887182680201e+01 5.574529018891671939e+01 6.729229562085998850e+01 7.310206371532215996e+01 6.152939609041779789e+01 4.475300965251752672e+01 4.027487303347081848e+01 4.630593106855253183e+01 5.338085883197356196e+01 6.494405137389978222e+01 8.502254345464869800e+01 9.614469662447272924e+01 8.459802730738952903e+01 7.631622608117088191e+01 8.459802725112660937e+01 7.309325765394031293e+01 5.308577957648737566e+01 3.894950319906789815e+01 3.361585764579813684e+01 2.877289808287216744e+01 2.416184284125962378e+01 4.414398198734916434e+01 3.616903742042282488e+01 5.615925821926964545e+01 7.444742802778283419e+01 7.367791583939759903e+01 7.367791583939759903e+01 8.196962410184207215e+01 7.212229253708137833e+01 5.214782885878538821e+01 5.214782885878538821e+01
1.766589122093755945e-02 2.001764698217608895e+01 3.466113738042244563e+01 4.303343146393896745e+01 5.556922262035498505e+01 5.134225228955954634e+01 5.263117028545300968e+01 5.268356939872088418e+01 6.099906100162321110e+01 6.478705555342760647e+01 4.475300961615406692e+01 3.320598448331156760e+01 5.322049381859335426e+01 6.634170079800558995e+01 7.343022064690650552e+01 8.175507971192696743e+01 7.786823784925428527e+01 7.787234687164824720e+01 8.623684749673878969e+01 8.944776278954883253e+01 6.944266774856768620e+01 5.788907865131412223e+01 4.894203195315048305e+01 5.894583423093215657e+01 5.360158996566246969e+01 4.621554983838401398e+01 2.623807113013109316e+01 4.035960761682745357e+01 5.615921373586974852e+01 4.615744261552258365e+01 6.030113800826601533e+01 8.030830675135079844e+01 8.165268855857382846e+01 7.349916765469838253e+01 7.212229253708137833e+01 5.214782885878538821e+01 3.797842091186661406e+01
