LEM/with_lateral_4open/elevation_000545.asc
nrows	100
cellsize	150.0
xllcorner	0
ncols	100
yllcorner	0
NODATA_value	-9999
[rows 0 to 16 of 100, columns 37 to 73 of 100]
8.884754177262699226e-02 6.929726548558100274e-02 7.395023591448830758e-02 4.828361932999872264e-02 4.897713358561925356e-02 8.568734790590110117e-02 1.075183056328203948e-02 6.823539046102447547e-02 7.194897206013613211e-02 1.557559815681563986e-02 7.704183385687686514e-02 1.685416958384493638e-02 9.680445094065920353e-02 7.639902522890137937e-02 4.559330980047965332e-02 5.839666421669215124e-02 9.739037529851846120e-02 3.670263267501718690e-02 2.041064012308905357e-02 6.895211126444661387e-02 9.031524355919069713e-02 1.560024811392830661e-02 7.641644294168103979e-02 3.888124420523987601e-02 6.873285589001959517e-02 4.772367030474261584e-02 9.504926490987847254e-02 5.760415539182907330e-02 9.666222459857021221e-02 9.627991409191682948e-02 1.286757495974483190e-02 9.381044340810595905e-02 7.584058927755046864e-02 1.435327048224320848e-02 5.777975670406795827e-02 2.716720951219454838e-02 4.735230246529398453e-03
1.423098316550345110e+01 9.013569175484816398e+00 1.421608585964556326e+01 1.419041924314830361e+01 2.004897699100494535e+01 6.795791092080032403e-01 1.015197201914802116e+00 2.006677713185581879e+01 1.421411986318056186e+01 2.001557559815645959e+01 6.107268725412176025e+00 2.001685416958348895e+01 1.423894007467173495e+01 2.007639902522854669e+01 3.637699350335985571e+00 2.005839666421633538e+01 1.423952599902959371e+01 2.003670194306219088e+01 2.002041064012273353e+01 1.759260620721481816e+00 2.009031524355883391e+01 1.156260490703072286e+01 2.007641644294132632e+01 1.418101686793631444e+01 1.421086847962084398e+01 8.991995580303978386e+00 1.423718488864070331e+01 2.005760415539147345e+01 3.876306954690850848e+00 2.009627991409156067e+01 1.415500319869057044e+01 1.165536305861666477e+01 1.676780237765761683e+01 1.047140011322955422e+00 9.347447709406621286e+00 1.966347648849855290e+01 2.000430151600511053e+01
3.423098316550274234e+01 1.901356917548499226e+01 3.421608585964911953e+01 3.419041958768900002e+01 2.390029654399019776e+01 1.414673136977078416e+00 1.663161110116768882e+01 2.615093548313856076e+01 3.421722656397723483e+01 3.243182387506993081e+01 1.243182404574898925e+01 3.243182489241589650e+01 3.423894007467244194e+01 2.728918306703746310e+01 7.289183067037108721e+00 2.728918306703746310e+01 3.423952599903029892e+01 3.759789489287559405e+01 1.759777491689748885e+01 3.455638480081427044e+00 2.345567566349177113e+01 3.155941115620349890e+01 3.982128773698877922e+01 3.418101686793701788e+01 3.421086847962013167e+01 1.899199558030415602e+01 3.423718488863999454e+01 2.772530874928872890e+01 7.725308749288372745e+00 2.772530874928801836e+01 3.415500319868986168e+01 2.600946743736415812e+01 3.257008486386137491e+01 2.163524167008205978e+01 2.512780942116910943e+00 2.222507757630967618e+01 3.055537541324462225e+01
4.416721186690688228e+01 3.315570479927291103e+01 4.729783763935694196e+01 3.825836054054767033e+01 1.660863195989719898e+01 2.138265733145924052e+00 1.999509701353583679e+01 2.210310195859732119e+01 4.022908676817991136e+01 3.999111486705667318e+01 1.999111350593366865e+01 3.999111486705667318e+01 3.377804677821981016e+01 1.377803991226755365e+01 1.545414887631429934e+01 2.728918168651859233e+01 4.728916204960319192e+01 3.690108175975286287e+01 1.690095995475297030e+01 5.353954471586432895e+00 9.229141171976181113e+00 1.339942945311377720e+01 3.339886567539948459e+01 4.799899196090728282e+01 4.727626682776705991e+01 3.313413120403560441e+01 4.594992727765702512e+01 2.594992727765773921e+01 1.180779165392703867e+01 3.180779165392739571e+01 4.739503033479228122e+01 4.718119874180938922e+01 4.565596700563239807e+01 3.018613683799123137e+01 2.203152167164696351e+01 3.982366877588048304e+00 1.795174157007502913e+01
4.788111863044603211e+01 5.315570510904471035e+01 5.643761670932308050e+01 3.417227772656001861e+01 1.896171368915209143e+01 2.219910795576689111e+01 3.064608525873987688e+00 1.720528223951727398e+01 3.731547046315824190e+01 4.827541509992916247e+01 3.413324914661717457e+01 4.827541509992916247e+01 3.862875069609858514e+01 1.862875241299412821e+01 3.545414415368180272e+01 2.959628448231164199e+01 4.959626841878205994e+01 4.518640282265512553e+01 2.728749633520247286e+01 7.287427449677768010e+00 2.728749601070982678e+01 3.339886567539948459e+01 1.972398477299599051e+01 3.972291628126698271e+01 5.529555214450769540e+01 5.313413120403630785e+01 4.594992727765894358e+01 2.594992727765824014e+01 3.180779165392739571e+01 1.911075908732938089e+01 3.911075908733008788e+01 4.878387740866916289e+01 2.923770893534253901e+01 1.781018614232643671e+01 2.472482669723340720e+01 5.023192174075984617e+00 2.474128928498317848e+01
5.435850834459562719e+01 6.300044180381588177e+01 5.154331152871721144e+01 4.331469209460349390e+01 3.239202954565766390e+01 1.337929041157441468e+01 3.703993398446634888e+00 2.338556988941538251e+01 3.499987947971929003e+01 4.332397096955544669e+01 5.413325373590213729e+01 5.495867507791758300e+01 3.495868394107235844e+01 2.440225510489028338e+01 4.440225269123148877e+01 4.959626841878205994e+01 5.788004196788665467e+01 4.339102287533709301e+01 2.339072753810610905e+01 9.248588801059625553e+00 2.924867760309757259e+01 4.799899196090728282e+01 3.972291628126698271e+01 2.702695217580080111e+01 4.702487642444854998e+01 6.380636620146795224e+01 5.423419852512114403e+01 4.594992727765894358e+01 4.488426177922644200e+01 2.488426177922573856e+01 4.488426177922644200e+01 5.668267354531603530e+01 4.565596694108401010e+01 2.625780197558250961e+01 6.516601250749026519e+00 2.469491634869562091e+01 1.238796531845019011e+01
4.607423709713543758e+01 5.475826404788352164e+01 3.493748568708826241e+01 2.346592566986365824e+01 2.684738820263051196e+01 7.663686529146047199e+00 4.342333438534492274e+00 2.068996457839197234e+01 1.523040700326915697e+01 2.924566293959630059e+01 4.912487000804521386e+01 6.324276610524801612e+01 4.440225269123149587e+01 4.440225269123148877e+01 3.509270478134222770e+01 5.509269959609983403e+01 5.679669072582406386e+01 3.679571985511678633e+01 3.124869685705112232e+01 1.124858880105964332e+01 3.124870069726043909e+01 4.291090610499649927e+01 5.444466984401250187e+01 4.702487642444854998e+01 3.555497956369087831e+01 4.969664097310111828e+01 6.967745963995298553e+01 5.902639740295789039e+01 3.902639740295718696e+01 3.488426177922608673e+01 5.316853302668864245e+01 5.175524717372435646e+01 4.356799684049434518e+01 2.731458323964761448e+01 7.574347655829395620e+00 2.731068406115344871e+01 3.223753011213124609e+01
5.274090376380045342e+01 5.767726267630161630e+01 4.624361813546582312e+01 3.185499674051722607e+01 1.229356468907787381e+01 2.684729657970952488e+01 2.427804746507420219e+01 5.261936592994420181e+00 2.519493140528800623e+01 3.141794329713759026e+01 4.545978426487889124e+01 6.543263109742736106e+01 6.440222202954001318e+01 5.509269959609983403e+01 4.923484035247552271e+01 6.337681442021835210e+01 5.093815476224959582e+01 3.093773251701867721e+01 1.679559076331249301e+01 3.124870069726043909e+01 1.462920581997373937e+01 2.617621001002253323e+01 4.617466441471480465e+01 5.647885267367760775e+01 5.555074791074613216e+01 4.710189382506604261e+01 6.709052661424681219e+01 6.731066865042109271e+01 5.902639740295789039e+01 4.643126716301900814e+01 5.740521923505724544e+01 3.783643530109856101e+01 2.436023958488494756e+01 1.716287468813262507e+01 2.151950270075599292e+01 9.077508165520566052e+00 3.216005538346126968e+01
6.102517501126205701e+01 4.944884439125864617e+01 2.967073533249908479e+01 1.825191220600396136e+01 3.185499648105055570e+01 4.007594052838566512e+01 2.584651451787557619e+01 5.915662084086974914e+00 2.584651487546073767e+01 4.034742652483615899e+01 4.879985274123056627e+01 5.785754530816337393e+01 6.966354247946051714e+01 7.509263967899991599e+01 6.923482282853026959e+01 6.099251476519992821e+01 4.099172142084522363e+01 2.944470327650663322e+01 2.179559076331725009e+01 4.179572908475859805e+01 3.462938082273382889e+01 1.816473972590653929e+01 2.816474105194385658e+01 4.230744833554069828e+01 6.233545274452829688e+01 6.709054065281688395e+01 6.342784652381911314e+01 8.338766061074471736e+01 7.471553841048290678e+01 6.643126716302042212e+01 6.324084214446665442e+01 4.356799817227638272e+01 3.746155992520772315e+01 1.792951966645737372e+01 1.058123176586224901e+01 2.901666699692978924e+01 4.186878409591816563e+01
5.951624313696216007e+01 3.980419590079264935e+01 2.595214637862578400e+01 3.802994720304818799e+01 4.624350908252234404e+01 4.053853469842535162e+01 2.068170148947135800e+01 6.570447756341459389e+00 1.323732704188699749e+01 2.029851188829617570e+01 2.920827521391833415e+01 4.074487350504104910e+01 6.115559916626490633e+01 6.378376742881350481e+01 7.218382310241388211e+01 6.927975268929233721e+01 5.773121228336052013e+01 4.714096128496225191e+01 2.714081560163144857e+01 4.714096128496225191e+01 4.076880441767484342e+01 2.076851794552306174e+01 4.076879165893556944e+01 5.539956096666121965e+01 6.368733639415589209e+01 7.263354542308439932e+01 8.338766061074471736e+01 8.236771120948769465e+01 7.403599656103010318e+01 7.881198576378127996e+01 6.396971838104496300e+01 4.407943755839554711e+01 3.023009471488283495e+01 3.118081933593560251e+01 1.165907693920383892e+01 2.543519599183794000e+01 4.505198118687946618e+01
4.773137225094434655e+01 3.641724180507013386e+01 3.875259408228656355e+01 5.378103469666071845e+01 5.117121558688923955e+01 4.329246337114117438e+01 2.715646041671138988e+01 7.229510589267312604e+00 2.661336161919124876e+01 3.487527493023991099e+01 3.943331198741311994e+01 4.430323971919742831e+01 4.964278104167934202e+01 4.378539269479504270e+01 6.378376742881350481e+01 7.560300627818020303e+01 6.714184630289999234e+01 4.714096128496225901e+01 3.380748227233358705e+01 5.380761147899350760e+01 4.385493172979900578e+01 2.385458494476495162e+01 2.832780740927041663e+01 3.539887525659710121e+01 4.434314846770702445e+01 5.848544586734969641e+01 7.848913772245943221e+01 7.078615101008583110e+01 5.399878213837786234e+01 6.467086812282153119e+01 5.052980020747467194e+01 5.817652717077182700e+01 4.990516474408583036e+01 3.229063887930767862e+01 1.275024964466027022e+01 3.229063887930831811e+01 4.200614615636852278e+01
6.433171318095763525e+01 5.029416018793829579e+01 5.427683866645726596e+01 5.531774514480374449e+01 3.720005939082045643e+01 2.359011474780220752e+01 2.773906181065771293e+01 7.889703132250964757e+00 1.171689496405575071e+01 1.545226831265459211e+01 1.949811945913104339e+01 2.422401329192642194e+01 2.966404681043021796e+01 3.726281748154755746e+01 4.714825738705351199e+01 6.718206082306595306e+01 6.535478756396224753e+01 4.535449190085211768e+01 5.380659213209752778e+01 4.838415529606591292e+01 2.838369308134366520e+01 4.385493172979235510e+01 4.832825569945508448e+01 4.246997353010561227e+01 6.247142639182092694e+01 7.263354542308439932e+01 7.346074089041030675e+01 6.246750553161795949e+01 4.255530754900724588e+01 5.097119246289897632e+01 3.662163945075389648e+01 4.240804709413993123e+01 4.317247269037453350e+01 3.341186364380975959e+01 1.385659903517229807e+01 1.854795740723168507e+01 2.312633392891401840e+01
6.425474077251183758e+01 7.010625127408682999e+01 6.988283934383635199e+01 5.124899230405627293e+01 3.725947092989650145e+01 2.149853468215759733e+01 8.838164883755199597e+00 2.768869072443368395e+01 3.071959559780362170e+01 3.492132641001731486e+01 3.943331198741311994e+01 4.430323971919742831e+01 4.964278104167934202e+01 5.716515910505971476e+01 6.554273332924363160e+01 7.560300627819430019e+01 7.363900492992746649e+01 5.690153223081282619e+01 6.580820708382589146e+01 4.581375365417449075e+01 3.167167282745165835e+01 5.167230175427022942e+01 6.560229209116144489e+01 6.247129029227591701e+01 7.076117058517208136e+01 7.672020723996172364e+01 5.665524998524309552e+01 4.515990798983589372e+01 3.774245810660958256e+01 3.130902512767841728e+01 2.703327398930663250e+01 2.292377541185480183e+01 3.451270790275507494e+01 1.575724546635801104e+01 2.573959353222912583e+01 1.711435071583409240e+01 3.907365250494409281e+01
4.472346719227439849e+01 6.121258981848007608e+01 5.810259224593485783e+01 3.716015340275963297e+01 1.996385577034865833e+01 9.856907742653342908e+00 2.864182411679517770e+01 1.153723548542994592e+01 3.143250784422052035e+01 4.093853932484273628e+01 5.395639164287918277e+01 5.595541847292688686e+01 6.414143533081133342e+01 6.748269743314797608e+01 6.748269743314797608e+01 7.567210619535663341e+01 8.518615300906944299e+01 7.690214909372069485e+01 6.167270583157844754e+01 4.167167381225342382e+01 5.167230175427077654e+01 3.744517551985818216e+01 4.639494884528510710e+01 5.798119733436357137e+01 7.797835695770285724e+01 8.505481459037227410e+01 7.346074089041030675e+01 6.513569876767157041e+01 5.758555956972033840e+01 4.255534345737510904e+01 4.657439973072315098e+01 3.720866288118495646e+01 1.769143485993543408e+01 3.530096336045544803e+01 3.729883549724248581e+01 1.945003969492882590e+01 3.888707922613239276e+01
3.362242126125379826e+01 4.591056713115123955e+01 4.133144825962830993e+01 3.210542216598477694e+01 3.053298407483423560e+01 1.058073804554460295e+01 3.029458688307618530e+01 3.142971386218555807e+01 1.427323022555412457e+01 2.801329553304224618e+01 4.055234293407958290e+01 3.621066067494164997e+01 4.886656760193145743e+01 4.773183639621206709e+01 4.773183639621206709e+01 6.748269743314797608e+01 7.935789169348487349e+01 7.432352908753857434e+01 5.432083848246440283e+01 6.167271675880136428e+01 6.233487228487629750e+01 4.229590288128189712e+01 6.147227634970035126e+01 7.409368682692341679e+01 8.618235266586140142e+01 9.117657580686200447e+01 7.102997401484778095e+01 7.102997401484778095e+01 7.084904163693563817e+01 6.248093921748522916e+01 5.258652984507424577e+01 3.289333800894339532e+01 1.917153686385088918e+01 3.866134035452444806e+01 4.711951531436428553e+01 3.888707922613239276e+01 2.281567313774140260e+01
4.591056713115123955e+01 2.648302374123173308e+01 2.180690545117132473e+01 1.736373609681774255e+01 1.452737870001665854e+01 2.707300785917306030e+01 1.164343619828102483e+01 3.305485450277866022e+01 3.414835652616258699e+01 1.707402506101848161e+01 2.085106883219097185e+01 2.476609454042567648e+01 2.911204447784953686e+01 3.378776291185076985e+01 4.002728676790505347e+01 5.140074790028562290e+01 7.116774463265906547e+01 8.261600681286087422e+01 6.846356290377832465e+01 7.236927082781413390e+01 5.230047374193852505e+01 5.645381621114415793e+01 5.647108696623936197e+01 7.660892225172156600e+01 8.944440663665609748e+01 8.123283829394141264e+01 7.102959162393317172e+01 5.093324494722598672e+01 5.832161475683250274e+01 6.657585675523284863e+01 5.167104396501606089e+01 4.012845519061640687e+01 2.066512555752142433e+01 3.433047274705097607e+01 5.378350483349845490e+01 5.053102518979788016e+01 4.227441012559859956e+01
5.266963250871902602e+01 4.237678117757515395e+01 2.287148650472091305e+01 3.696562999695059659e+01 3.418972916848939292e+01 3.209913028256686829e+01 1.239588381866389000e+01 3.229073877767915235e+01 3.924555049840397203e+01 1.941401550610229521e+01 3.924556353249207064e+01 4.455577724317619470e+01 4.886656760193145743e+01 5.351672965965747863e+01 5.975526374815280661e+01 5.248953455088341258e+01 6.646485113673858791e+01 8.624333266497154682e+01 8.847073892342022816e+01 8.069271994428704886e+01 6.125935431618692206e+01 7.653299761915702959e+01 7.665302223823687200e+01 8.501093155825489589e+01 7.794879442835660655e+01 6.132640046805806833e+01 7.760951448741883496e+01 5.825335416215729367e+01 3.839439139198898232e+01 4.920631140343218846e+01 4.341569659059331343e+01 2.395717149108414645e+01 2.261004017610280670e+01 3.372088267863661315e+01 5.346139311158921004e+01 5.079892808589966791e+01 3.102390962473767289e+01
