LEM/with_lateral_4open/elevation_000129.asc
nrows	100
cellsize	150.0
xllcorner	0
ncols	100
yllcorner	0
NODATA_value	-9999
[rows 51 to 67 of 100, columns 37 to 73 of 100]
9.104988393626116761e+01 8.100706650360329775e+01 6.090977606902045238e+01 8.100706650360329775e+01 8.220111235451570053e+01 6.486617044490661499e+01 8.166102304439829140e+01 7.797149658318188870e+01 8.781779504504737588e+01 6.762948358956370498e+01 8.782238754283696380e+01 1.029510149722009231e+02 1.079565595139028744e+02 1.163286884894685755e+02 1.207853339445069025e+02 1.036807764031807864e+02 8.341391823824767471e+01 9.354734732071423764e+01 7.637855200752768781e+01 7.898494091652945315e+01 7.566267248100250242e+01 7.834270886084938468e+01 6.961054294603846415e+01 8.554127887071041414e+01 8.085382558425324362e+01 6.108638301281764882e+01 8.085380489979998231e+01 7.165950431373498475e+01 5.141852951184743858e+01 6.222822707425792288e+01 5.643006830183780664e+01 5.309254498464574823e+01 3.309825965743419829e+01 5.309138539854765781e+01 5.367262361138475057e+01 3.869394518848951492e+01 5.866554594165246073e+01
7.135043892029284507e+01 7.430796969199369073e+01 5.423497742079917572e+01 6.574881707519632812e+01 6.210476935693314715e+01 5.729568815113743341e+01 6.161912131374047874e+01 7.536685421448622435e+01 7.810464268075345728e+01 6.354658872281211046e+01 8.369738468991782554e+01 9.508668277305190486e+01 8.761145920194476844e+01 1.020102437667864450e+02 1.223202324540195320e+02 1.120537380701376833e+02 9.245712563809992446e+01 1.048845019366173545e+02 8.638785115078964338e+01 9.913780830667914756e+01 9.577899707498748683e+01 8.377404752357215045e+01 8.968970207517550364e+01 9.027740240917351855e+01 7.028697729176620612e+01 8.085382558440960565e+01 8.589523502644615860e+01 6.576295891940871741e+01 6.576295889028475017e+01 8.000237318488667881e+01 6.560444470438183373e+01 5.173712650981001815e+01 3.173520306395022672e+01 4.991722559272647430e+01 3.368105481599724271e+01 3.786306088761708111e+01 4.213417737188095913e+01
5.120600540700158376e+01 6.128870179298545651e+01 6.287293202292663352e+01 4.570214210381772801e+01 4.793748282697178098e+01 5.021709292451500062e+01 5.266198238025548051e+01 5.529116552058668788e+01 5.799271352209436969e+01 7.810464268076901817e+01 8.812716863107154097e+01 7.479780726107820499e+01 8.648918724714638984e+01 1.008856879158783215e+02 1.211845264433430032e+02 1.211166871968988232e+02 1.042142340558591656e+02 1.150006561631060009e+02 1.066344014586275932e+02 1.150006561631060009e+02 1.123375358494470362e+02 9.804779558932280281e+01 1.045557455521235255e+02 8.436311903114670940e+01 8.436311903114670940e+01 9.864888020531007840e+01 9.424232938891510969e+01 8.589524738905930690e+01 8.589522195029556428e+01 7.166247821889518832e+01 5.728736391939396810e+01 3.729833579021618561e+01 4.992803375941892341e+01 2.992033558036830243e+01 4.831002430474728015e+01 5.659341664049657084e+01 6.209266352507007980e+01
3.964371604443379482e+01 4.120008894971748248e+01 4.277236400778274117e+01 4.526931647852728702e+01 6.538772979362138926e+01 7.027848877294344732e+01 6.424618855135767603e+01 7.536685422351797570e+01 7.719656945941292747e+01 6.365653118007231370e+01 6.792116053956559085e+01 8.812716863107154097e+01 8.561722332897969068e+01 1.000137318712051524e+02 1.203181598094884208e+02 1.327776549444769500e+02 1.244358642431408981e+02 1.161419805768358771e+02 1.078176822843824851e+02 1.052114528143779353e+02 1.135350385434732914e+02 1.182720942557270831e+02 1.129352453348685117e+02 1.045557455521235255e+02 1.045557455521235255e+02 1.016237072571696274e+02 9.151328783254903954e+01 8.311010998704111330e+01 7.642277945705137654e+01 6.332123170604589291e+01 4.333586517312063791e+01 5.728736391939396810e+01 5.820321563202929838e+01 4.830982416867643536e+01 2.829581501098516583e+01 4.672718476997481218e+01 5.100573597990647556e+01
5.753602856757496653e+01 6.128870179085591019e+01 5.696220447171259593e+01 6.538575575743318780e+01 4.889045015786656734e+01 6.903542519906159214e+01 8.461695455064891291e+01 9.266757291190077694e+01 9.091806734130778977e+01 8.381899989751252633e+01 8.812716863107154097e+01 9.651860966190324120e+01 1.059607611262147202e+02 1.022378009016305782e+02 1.225260344582914627e+02 1.242869890180146939e+02 1.175867040278473610e+02 1.078176822843824851e+02 8.780963533449001091e+01 8.522082178416621900e+01 1.019758079556629866e+02 1.049321837702935909e+02 1.046553414560151651e+02 9.635170710698876917e+01 1.046553414560151651e+02 9.319306372767313462e+01 7.302715772960603147e+01 6.304811898271024262e+01 5.641032468446039871e+01 5.039870362891289091e+01 5.745277741501706004e+01 7.134749219332967130e+01 5.925373202579739740e+01 3.985660047127061034e+01 4.657433248778978196e+01 2.669704451565990055e+01 3.108030767058325594e+01
4.902741237375781225e+01 6.915901447699209825e+01 7.699735968284691978e+01 7.166033325972263412e+01 5.149569279637635333e+01 7.166069591016173490e+01 8.039319220467245941e+01 8.480669364066497451e+01 8.944256126090301962e+01 9.503340266874339193e+01 1.010910387304122935e+02 1.081690586937178438e+02 1.164245067863510172e+02 1.225260344582914627e+02 1.225584233134873386e+02 1.041861340475124535e+02 9.752327157879481945e+01 9.752327157879481945e+01 9.220170040887576590e+01 7.379017248205259705e+01 9.366985660781463707e+01 8.495306131284996809e+01 9.467808721773459979e+01 7.643540493797370061e+01 9.467808721773459979e+01 1.016237699929157117e+02 9.151328783254903954e+01 8.311010998704111330e+01 6.670037226983328082e+01 7.038879716754837546e+01 7.748893364051228616e+01 7.327670542728787950e+01 5.387534170531770172e+01 5.881268103968080396e+01 3.971052786007263080e+01 2.560733339289824073e+01 4.576199227234683065e+01
6.915901447760749932e+01 6.546221669989020597e+01 8.560787827070437572e+01 7.671074478826579934e+01 5.651054831968577474e+01 5.597923935005443496e+01 6.017336887729081241e+01 6.458148923043270884e+01 6.923528278865330776e+01 7.487533729978764541e+01 8.100013279733036597e+01 8.814939504000933823e+01 9.973554116977209105e+01 1.196894578746889692e+02 1.142277947283066766e+02 9.414447336671845790e+01 8.419754664135940914e+01 7.761177550162403804e+01 7.233512661500742524e+01 6.753457152388962470e+01 8.207853971469181431e+01 7.092200026505926758e+01 7.671715510164999330e+01 6.653046201721639363e+01 8.639351489248289795e+01 9.600675530418745041e+01 1.043093797408231467e+02 9.521107654728714920e+01 8.680040591695821206e+01 8.752112638014037316e+01 7.922490081395214645e+01 8.113728499415654483e+01 7.327654518814986773e+01 5.778583156396072695e+01 4.441879536351177649e+01 2.452448635173991320e+01 4.306861403670443167e+01
7.984621005042204445e+01 8.560787827070440414e+01 8.463804845882985717e+01 6.442731040563896272e+01 7.671074478826579934e+01 7.617706759122587812e+01 6.334376552609397493e+01 8.355841331536180405e+01 8.944256126090301962e+01 8.576036350756045579e+01 1.010910387304122935e+02 1.081690586937178438e+02 1.164245067863510172e+02 1.279381899287612470e+02 1.225584233134873955e+02 1.125125749696596245e+02 1.041861340475124393e+02 9.752327157879481945e+01 9.220170017155993492e+01 8.207853914850299759e+01 6.222583412420660665e+01 5.946117004834889741e+01 5.684061273703223804e+01 5.950260049702254861e+01 7.937087304062521298e+01 7.607821620640747540e+01 9.022244157507559237e+01 9.841333603999400736e+01 9.231729529428480419e+01 7.922490081395214645e+01 5.925791974916619154e+01 6.510608207241492096e+01 6.012075156882434612e+01 4.990444147376655337e+01 2.998285974424347700e+01 3.733784584792478256e+01 2.305546741032569003e+01
6.288416466120266790e+01 8.323700486093241580e+01 9.072442266540708999e+01 7.053820308849353182e+01 9.072442266540708999e+01 8.994381530702003147e+01 6.975140123760473898e+01 7.986754094589950626e+01 9.998091206520655305e+01 1.058264623952998278e+02 1.140896796796947115e+02 1.152613944196951508e+02 1.152613944196951508e+02 1.235261096195691835e+02 1.290026108649613832e+02 1.173929604484736586e+02 1.090640806242986258e+02 9.383038983880317119e+01 7.394908162092013981e+01 6.884150296972127592e+01 7.367105289176213034e+01 7.349674794507704689e+01 7.308821726656009332e+01 5.319523851470412978e+01 5.985584472240353193e+01 7.631719421886761268e+01 7.055745217577361927e+01 9.022244157507559237e+01 8.401564858638890598e+01 6.405089844148980660e+01 5.407153598952277918e+01 4.516466382066649032e+01 4.020471993525961096e+01 3.586764026857446908e+01 4.990444147376655337e+01 4.204314559918102390e+01 2.203331314494420567e+01
7.984621005042204445e+01 9.154829036776907003e+01 9.784013824373964496e+01 7.771385529000484382e+01 9.784013824373964496e+01 9.706220392176908263e+01 7.692836047932826204e+01 9.706220392176908263e+01 1.082551160782963677e+02 1.115556620901698750e+02 1.033058255277978787e+02 9.551728633860531659e+01 9.551728633860531659e+01 1.152613944196951508e+02 1.206741892177830096e+02 1.005648912524759311e+02 8.902657953728987650e+01 8.201796982187643437e+01 9.383038983880317119e+01 8.285014700169254809e+01 8.770542888069239496e+01 9.339723855023204635e+01 8.135151711907039385e+01 6.979550799518462156e+01 4.989028950040103183e+01 5.654172673376226754e+01 7.055745217577361927e+01 9.022244157507559237e+01 9.231729529428480419e+01 7.922490081395214645e+01 5.925791974916619154e+01 6.510611310321858980e+01 5.168727752674505638e+01 5.577471769227077658e+01 5.922635050962399106e+01 4.102467194505626225e+01 2.101881844123991172e+01
9.054789831137526335e+01 1.005903699014952650e+02 1.061131559936567044e+02 8.937556375800592434e+01 1.061131559936567044e+02 1.053366434306687864e+02 8.859524442776634601e+01 1.053366434306687864e+02 1.048867067046859631e+02 9.906005391232712043e+01 8.350406834380402188e+01 8.178042640021796217e+01 9.787485742634220287e+01 1.125640436300082001e+02 1.172378319384208680e+02 1.173929604484736586e+02 1.090640806242986258e+02 9.610011202789335982e+01 1.103013652206776669e+02 1.028127571413948829e+02 1.077057145604949824e+02 9.465735487815003069e+01 8.173257623513295300e+01 6.184635199736552380e+01 4.776274954774861925e+01 6.767089222441133245e+01 8.448539410788391990e+01 8.573742155403206766e+01 9.395969087187732782e+01 8.752112638014037316e+01 7.922490081395214645e+01 7.993016330371260381e+01 7.164109135246130222e+01 6.092379259472511421e+01 4.103521186614683813e+01 3.103527692186280262e+01 3.873720856522435696e+01
7.218597085650684164e+01 8.648050998409975421e+01 1.064559771182030232e+02 1.094029620234773574e+02 1.176603865408096539e+02 1.168865002587392468e+02 1.086282856833906436e+02 1.047286593804086579e+02 8.500754079417538378e+01 7.918679927522468631e+01 7.210570739187502909e+01 8.350406834380402188e+01 1.033058255277978787e+02 9.200688730653220659e+01 1.003366236664224118e+02 1.118859136667271770e+02 1.177822691906103785e+02 1.161744659917580265e+02 1.167944112622809882e+02 1.055955370883455089e+02 9.725887998746610208e+01 8.646922710685360869e+01 6.696369294861078458e+01 5.562217931777300350e+01 4.568247750923402606e+01 6.559532487181682825e+01 7.190438312598443815e+01 6.617455100025883041e+01 8.573742155403206766e+01 8.456022117558501350e+01 8.199799983579541163e+01 9.022846492397475515e+01 8.081160340152212029e+01 6.092379259472511421e+01 5.922635050962762904e+01 5.097750269086434827e+01 4.710322830137997130e+01
7.486689763644908169e+01 9.497788517996558255e+01 1.075106259724428810e+02 9.921976620136526037e+01 1.075106259724428810e+02 1.081465215510949633e+02 9.978581098119654769e+01 9.648229656866652704e+01 7.660743656279301206e+01 6.512940235134234968e+01 8.500754079418496190e+01 1.001036468984292469e+02 1.115556620901698750e+02 1.033423653144365488e+02 8.408685123956816199e+01 1.033423653144365488e+02 9.840265748714865879e+01 1.121947819368176056e+02 1.066695032246565944e+02 8.820220280099880483e+01 7.735509453221058607e+01 8.100750721573101032e+01 7.672483362047685773e+01 6.358555556537841369e+01 4.366695656124164060e+01 6.077101365371815689e+01 5.230899703205356133e+01 6.843332669857053929e+01 7.034415535101591388e+01 6.483554449377719209e+01 6.227820077064674109e+01 7.881781736536521521e+01 7.724757771021934616e+01 6.746243676032514713e+01 5.919979903868402005e+01 4.958800260707030105e+01 3.975136518390777951e+01
8.913048322118147837e+01 1.032340943461954765e+02 9.748498900499058095e+01 7.915384243084257321e+01 9.748498900499058095e+01 9.978581098119654769e+01 7.964227492706154976e+01 8.554218004024193078e+01 8.107742939421832773e+01 6.116878214415059745e+01 8.107742939421832773e+01 9.711552031172213617e+01 1.102496286175639000e+02 9.526736391499765944e+01 7.579366243234336764e+01 9.195622529662077227e+01 8.491131808333018682e+01 1.040788143383303606e+02 9.828175477072767308e+01 7.812265083126982290e+01 6.825894230535000418e+01 6.131022013906883927e+01 5.581537680066735163e+01 6.847543418650697333e+01 6.076246910192108430e+01 4.084457461745446238e+01 5.651077325072041901e+01 5.027459669307436485e+01 4.995329594979318699e+01 5.082714201377284979e+01 5.082714201377284979e+01 7.061276853716655921e+01 5.720103773989379192e+01 5.720103648957680775e+01 3.925548530401854919e+01 4.132373506962355236e+01 2.132005893852936040e+01
1.090947622935090777e+02 1.019713254757072463e+02 8.918680431610388837e+01 6.906795145702686511e+01 8.547193577336955173e+01 9.377553654672951211e+01 8.554218004024193078e+01 6.545253502133786583e+01 7.735366083274203675e+01 5.742375641984540380e+01 6.892635669704193901e+01 8.886557236752582867e+01 1.020355249104137130e+02 8.285003922275649302e+01 6.933301594147100388e+01 7.263908752589308904e+01 8.633563668136478952e+01 1.055255265600913788e+02 1.066695032246565944e+02 9.625276672242620180e+01 8.299441027122730929e+01 6.676695772626692360e+01 5.735896938766907738e+01 4.854440258214250292e+01 4.530703588868686182e+01 5.846085265228873595e+01 3.853071697700421083e+01 3.697896445091858197e+01 3.544410938917962994e+01 3.932014037954304797e+01 5.918953169253549618e+01 6.942455084422203981e+01 5.718051726838410076e+01 3.720935611787686526e+01 4.291532841699326184e+01 2.290580847200675763e+01 2.929154010377301276e+01
9.903598963046151482e+01 9.367596482777933886e+01 7.358027980950720348e+01 6.194477541553472122e+01 6.535273575000336166e+01 8.217197671127111391e+01 7.794725717907779483e+01 5.788296272219761107e+01 6.938720987205621782e+01 5.396992540614939315e+01 6.807090400523595974e+01 8.802270779636731390e+01 9.398537626435376069e+01 7.469840674890367893e+01 6.314754733608035053e+01 8.285003922275649302e+01 9.467076489629749858e+01 9.467076489629751279e+01 1.140553843353037990e+02 1.031127998440013585e+02 8.466421050188492359e+01 7.575218656886853807e+01 5.583105830420556259e+01 6.847801902119674367e+01 6.524248644751753545e+01 6.362311377203313612e+01 4.386592490703472436e+01 5.691081200004983032e+01 5.323817826615155724e+01 3.329011216828961750e+01 5.117519792507406606e+01 5.564160093651511119e+01 4.157971067805319620e+01 4.453784071237053155e+01 2.453423919164682587e+01 4.291531912754712152e+01 3.339385806952655145e+01
7.834121262419274956e+01 8.863384206931114306e+01 8.807619137236464724e+01 6.796595975430012970e+01 5.374888046468862512e+01 6.749764576286942486e+01 7.140356095925864111e+01 5.122397790996980405e+01 4.941029785961769960e+01 6.938720987190728806e+01 7.305699426513824335e+01 9.175025137888026450e+01 9.270909660233709815e+01 7.334563632627627783e+01 5.921061269080653489e+01 7.901706253389814094e+01 7.533213686213116489e+01 9.467076489629749858e+01 1.088858775541632582e+02 1.061845916042762497e+02 8.618020312642913439e+01 7.209172947586162650e+01 6.213522767014664794e+01 8.204969366037745715e+01 7.287804526493768265e+01 5.324537288273861435e+01 6.362311474878007544e+01 6.362311474877934359e+01 6.149462541847408659e+01 5.117519838260023590e+01 3.121510699309792969e+01 4.742411119188820123e+01 2.744008452721415026e+01 2.623368648777173817e+01 2.940105369688169290e+01 4.904538316644639195e+01 5.298423054279295030e+01
