LEM/with_lateral_4open/elevation_000104.asc
nrows	100
cellsize	150.0
xllcorner	0
ncols	100
yllcorner	0
NODATA_value	-9999
[rows 51 to 67 of 100, columns 0 to 36 of 100]
6.455108993161302877e-02 2.006455108993125691e+01 2.447080877813166566e+01 2.087749847015190241e+01 2.321832141407449512e+01 3.184968677146956040e+01 1.589029694967872430e+01 2.221485227001537055e+01 3.221485227001501528e+01 4.376185765380711956e+01 6.376185765380640902e+01 7.761665051762193457e+01 8.289810508625831176e+01 8.029583371068747510e+01 8.860481113058447988e+01 7.914421513713382694e+01 6.237585496606322977e+01 6.497253090308885248e+01 8.500594866020837514e+01 8.516177069971891456e+01 6.568402658729128518e+01 5.187819340198815610e+01 7.138892575560501541e+01 7.916559383387101434e+01 7.411663052238668570e+01 5.446973883527331139e+01 4.041313177145286772e+01 6.022418018119122252e+01 7.021372200650688455e+01 6.707584201570743687e+01 4.746711143586733073e+01 3.343243744623151059e+01 5.321037565224249732e+01 5.505007387037733935e+01 6.888022597298747485e+01 8.854170266497979469e+01 9.094737068248039691e+01
3.995603441288197999e-02 2.248586555909807938e+00 4.470808778132020933e+00 6.735362846421202754e+00 9.076185790343794579e+00 1.184968677146991567e+01 3.184968677146956040e+01 4.221485227001466001e+01 3.635698789374581708e+01 5.635698789374510653e+01 7.204612890117941504e+01 7.704393654925304702e+01 6.288044010563923791e+01 6.028656742601008034e+01 7.704393654925303281e+01 7.084018311380613397e+01 5.087812807398238846e+01 7.084018311380613397e+01 8.391341851192450463e+01 8.069326974002332520e+01 6.120482282886303693e+01 4.724519028184296587e+01 6.691285677434787260e+01 5.958138459959875632e+01 6.464271240962919762e+01 5.541929517250309800e+01 3.557004484301069169e+01 5.541558714220617787e+01 5.138318243976088695e+01 5.769487984049017371e+01 4.958158535854026638e+01 3.186900612387368525e+01 3.896267068979017978e+01 5.291054189423665122e+01 7.248817416997779617e+01 8.538695422334670582e+01 7.161544780039479008e+01
4.804567899273937126e-02 2.004804567899238421e+01 2.447080877813166566e+01 2.087749847015190241e+01 2.907618579032292061e+01 1.593612919603429923e+01 3.593580447922516186e+01 5.238106830622800913e+01 5.635698789374510653e+01 6.464125914113913041e+01 7.225750277506145380e+01 6.396676025421781731e+01 4.881960530612308702e+01 4.881960530612306570e+01 6.811861933291871196e+01 6.482139705821350617e+01 4.493021535025103930e+01 5.564010300637808371e+01 7.560961023454017038e+01 7.662964764316375010e+01 5.708835176899022201e+01 4.307769870482898966e+01 5.744090509962543223e+01 4.566895462521255666e+01 4.502419305674924743e+01 5.098032290179123294e+01 3.114946740568581518e+01 4.510947620666398450e+01 3.766048834207395402e+01 4.749496942698204549e+01 2.971310646112482701e+01 4.957522019984564565e+01 5.864469621246519893e+01 6.679269580569665266e+01 7.508436160519497093e+01 6.704218313853291988e+01 5.812885629650730834e+01
9.707512844716031930e-02 1.423921075217823606e+01 3.423921075217894128e+01 4.087749847015118831e+01 4.421734319612401976e+01 3.007825259018670394e+01 2.410109500121735948e+01 3.304536673689606374e+01 4.459235825743273551e+01 6.459004313532754793e+01 6.396676025421781731e+01 4.412320922899001374e+01 3.900063360188978834e+01 4.003725002619800932e+01 5.983325149671793497e+01 5.288172612263358019e+01 3.950802343014321849e+01 5.345868076299618821e+01 7.341781508717279792e+01 7.356165644809887283e+01 7.094700012368366515e+01 5.744090508526029737e+01 3.779071845294480170e+01 3.445901231609159510e+01 3.131954723990714129e+01 4.637949126236719621e+01 3.272221002925370925e+01 2.515954157578431705e+01 2.610227241082993999e+01 2.758920754811580878e+01 4.750073206217877697e+01 5.773644479586340594e+01 6.318355175328341744e+01 7.125076160469745901e+01 6.704217524984309762e+01 4.771387871062436403e+01 5.880688527037960966e+01
5.001202446392439237e-03 2.000500120244603863e+01 3.185652644266804145e+01 3.892759425453399302e+01 4.721186550199618637e+01 5.007718569204588022e+01 3.564809708586538051e+01 4.410054626986651272e+01 6.132335260464050464e+01 7.286603128209175395e+01 6.348088529260587620e+01 4.993525076142503138e+01 3.032271933103646333e+01 4.993525076145793662e+01 4.731785187300338436e+01 3.321046006471987511e+01 4.705768018300976507e+01 6.694221681795735890e+01 6.770212636770810377e+01 5.360650113923821181e+01 6.770212625286610830e+01 6.558032186549723974e+01 5.676463933967608000e+01 5.397339295605247145e+01 4.628550304323459130e+01 2.693416700099114891e+01 2.385685384113838481e+01 4.382504345523295797e+01 4.603824411197786759e+01 2.783989563979532633e+01 4.765697825576156532e+01 5.059102578409108020e+01 4.352313839174740195e+01 5.308456669549858020e+01 5.925029558155443965e+01 5.646228535044848940e+01 3.924986755507104874e+01
5.279685921607564503e-02 5.826299551112358088e+00 1.185652644266768441e+01 1.892759425453328603e+01 3.047459963832600494e+01 5.047459963832670837e+01 5.564680657940908048e+01 6.392511082441335901e+01 7.237201690994113790e+01 6.927653927856880500e+01 4.939098893064780782e+01 3.550044157316681037e+01 2.595944454983596472e+01 4.225612925984692225e+01 2.771385078185304707e+01 4.731785187300338436e+01 5.288172612263358019e+01 7.280437810095514806e+01 5.945098689990894769e+01 3.947424612489921003e+01 5.945098689990894769e+01 6.869785601546537634e+01 6.014192721617028781e+01 5.092916938570545682e+01 4.080344478185917012e+01 4.295236388099905867e+01 2.297223729506895040e+01 4.295236432275925864e+01 5.562855722945468528e+01 4.702167673670407311e+01 2.959176681700001410e+01 3.084230605848415863e+01 3.211705103967305774e+01 3.339672947527139968e+01 5.031736704679435945e+01 3.719636788012581263e+01 5.673659034721984540e+01
5.738623160518319517e-05 2.000005738623125140e+01 3.185652644266804145e+01 3.892759425453399302e+01 4.721186550199618637e+01 5.875887088578890882e+01 6.602465485434228754e+01 5.972707142205761244e+01 6.805376297799251972e+01 6.518228550781115871e+01 5.374525525309336160e+01 4.127479844416647836e+01 2.159548962391392735e+01 2.259459668783132358e+01 4.225612925984692225e+01 4.731747194280673341e+01 6.716552793997763615e+01 6.351530754637801834e+01 5.190005172176238801e+01 3.188383973919532011e+01 5.045390646640657195e+01 5.774665825836572708e+01 3.471350655906620375e+01 3.923168532093531269e+01 1.957381110149579584e+01 3.976179440783045749e+01 2.208521442632785181e+01 3.629570781541229962e+01 5.608440692691158347e+01 5.722258631610834101e+01 4.105225711496313323e+01 3.745490070052979092e+01 5.183607423124551161e+01 5.309286370545560629e+01 3.519653527410739713e+01 5.126044052258070849e+01 4.689813655759772359e+01
4.532054705376769438e-02 8.210286356331099711e+00 1.821028635633127735e+01 3.235242198006272929e+01 5.235242198010224968e+01 6.025584429235882311e+01 4.613915620862331934e+01 3.992069360581437820e+01 5.656848394942008440e+01 5.691021166806801546e+01 3.716737360984785710e+01 2.585656283865827021e+01 1.761984367583879418e+01 3.748751439615669767e+01 5.047615544711819524e+01 6.231589275097191205e+01 5.885549192689887121e+01 4.350023556032676453e+01 4.349979996939460136e+01 2.548130411731906264e+01 4.545108838290276765e+01 5.120804102928861568e+01 3.191513772024072182e+01 1.831025288113460192e+01 3.707762698053458195e+01 2.082509010167114738e+01 2.363843391514078363e+01 3.600525616760960190e+01 5.606286860116730963e+01 6.890469492901085857e+01 6.073188719718093864e+01 4.444966489460916392e+01 6.410808477274734685e+01 5.800885288323615896e+01 3.794634895893499049e+01 5.799981636868844959e+01 6.675865102739220447e+01
9.001595176218035732e-02 2.009001595176182420e+01 3.649455760752503153e+01 4.649455761771827866e+01 5.138083657474372501e+01 5.196348391444311687e+01 3.236200431056807503e+01 2.878119034855220804e+01 4.778134633300673784e+01 5.947983933529567224e+01 5.374502908956463898e+01 3.509572956942405142e+01 1.508001031382873514e+01 3.509572956674707456e+01 4.414966211152432152e+01 4.413853218576219462e+01 4.873646470270740849e+01 3.132242127997692194e+01 2.329978767426249320e+01 1.953094259277098033e+01 3.495479911477558232e+01 3.573585064906665565e+01 3.501822835621455710e+01 1.741204862563028044e+01 3.768275761456904860e+01 2.614627801654180672e+01 4.557125853896788925e+01 5.571944116198302055e+01 6.424207925059640445e+01 8.012229135984843253e+01 6.050940361740659057e+01 5.836851613809121631e+01 7.226169917920572061e+01 6.095130725605593369e+01 4.079892787828773493e+01 4.976718406326998689e+01 6.140101859373643123e+01
5.674351268809080251e-02 1.503109274176099142e+01 3.719523720254095878e+01 4.437992641764911639e+01 2.842018610430244863e+01 4.008110261361672855e+01 3.217085081306424854e+01 2.071165655783789816e+01 3.956545691030910206e+01 4.181071121997741358e+01 4.854092791893533132e+01 2.738067824443448828e+01 1.260472603093228550e+01 3.170842390148240497e+01 2.740227040828197858e+01 4.410600818942992163e+01 3.935834838607585340e+01 2.168001037063564240e+01 1.287553320734620677e+01 1.366888404499348653e+01 1.448195509878496878e+01 1.530505580726071635e+01 1.613694459775250678e+01 3.651985482280969109e+01 4.591472429497225960e+01 4.588105603948250177e+01 3.430693284551119149e+01 4.060453427359261980e+01 5.999926044235614597e+01 7.839453566138536189e+01 8.012244710280970139e+01 7.796463774928723467e+01 6.558497653489101253e+01 4.538727835432065660e+01 6.095130725606018274e+01 6.934247720854627062e+01 7.839580393511681677e+01
9.518805923843161321e-02 1.801439507423838648e+01 2.493265158968582540e+01 2.563251471573812168e+01 1.230172356425300784e+01 3.094273913585672275e+01 1.445233646910140379e+01 2.602947183409266074e+01 3.316716512372867953e+01 2.937107411999284068e+01 4.436824563523551745e+01 3.175165643324347187e+01 1.023860032625999139e+01 1.664754359808769735e+01 2.940184167809614380e+01 3.045874185275807733e+01 3.122715191894350539e+01 1.177432333010539800e+01 3.231278891392810237e+01 2.827768378992329090e+01 3.493599905848911646e+01 2.466170470729932163e+01 3.077200398609066312e+01 1.914722437268662958e+01 3.937688685132886945e+01 5.059100431051876967e+01 5.386610949831079864e+01 5.999926044235614597e+01 5.104018815199925285e+01 6.212039235497187661e+01 8.144337356364148661e+01 8.334001891704943432e+01 6.299247799273373971e+01 4.874918909023089242e+01 6.895213474899513528e+01 7.990149673933127872e+01 8.606964441804348098e+01
9.062254805971975413e-02 6.914643161858290421e-01 1.292577405964115966e+00 1.895326180643004621e+00 2.498897820926182067e+00 2.262344534523084860e+01 1.576672058468047055e+01 8.929089826043139055e+00 1.431910476112761721e+01 2.608351944858675253e+01 2.250111114794683331e+01 2.736634331648182439e+01 7.950228638136350057e+00 8.609462684757103190e+00 9.276549325876052521e+00 9.946010670232745099e+00 1.069689459858441793e+01 3.093949206692792586e+01 4.049641417503551111e+01 4.845768721936648404e+01 4.493329895767518423e+01 3.904840410379912186e+01 4.579300786011540225e+01 3.350696918738287167e+01 2.216527800768147927e+01 4.229805568969919705e+01 4.530711331362532235e+01 6.531417676973931918e+01 7.028724516126997912e+01 7.839453566145604668e+01 8.962203374294189473e+01 8.334001891704944853e+01 6.299247799273373971e+01 6.895213474899513528e+01 5.421364036651490181e+01 5.955411115079370177e+01 6.561221291625314223e+01
3.063233560239582431e-02 1.260287670739222854e+01 9.956791464145268833e+00 1.686066435484377379e+01 1.865337354294844019e+01 3.355996246723179421e+00 3.962891740167275412e+00 4.573165034181897681e+00 5.191544546247341074e+00 5.811988425825198590e+00 6.433307230018695755e+00 7.055805229737942774e+00 2.732299828418032561e+01 1.434161941066641255e+01 2.980673636272607396e+01 3.046747701747553094e+01 1.210430508382736470e+01 3.116735303824626868e+01 3.404622370159657407e+01 5.305128887444907093e+01 6.477695332992205124e+01 5.908220077649428958e+01 6.183973462248510344e+01 4.229809533460878157e+01 4.229806541231343431e+01 2.523425019778615663e+01 3.944848069724251616e+01 5.945110966613506776e+01 6.772679089951358833e+01 7.603029149223172567e+01 8.759601707018039463e+01 9.176511633152303204e+01 8.334001891704944853e+01 8.033952240328549976e+01 5.998413843761922948e+01 7.990149673933127872e+01 8.606964441804348098e+01
5.666595628964066211e-02 1.995013060266016680e+01 2.525995774686886008e+01 2.406827732656905638e+01 2.845026962577388474e+01 2.280085581825191454e+01 9.316569732423031880e+00 1.116401617088453335e+01 2.554498603052840622e+01 2.610349483830940898e+01 2.673279569367079489e+01 1.059481883940333979e+01 3.017079262137897899e+01 3.496154753573619445e+01 2.319364869427079512e+01 4.087691225593736277e+01 3.243665307837168399e+01 1.426168318558127801e+01 2.859296215878145375e+01 4.875972462530227602e+01 5.786627922710470529e+01 6.615236170371338176e+01 7.061745660842760230e+01 5.859515618523172265e+01 3.902232909474289357e+01 2.745221021269025030e+01 4.749474543184701503e+01 5.703916660776429381e+01 4.773207671036934840e+01 5.926589089914998709e+01 7.928459523889009120e+01 8.639976118124756965e+01 9.471551455809422748e+01 8.877660581656184036e+01 6.902497593452231683e+01 7.435117447077894326e+01 9.479667319815193594e+01
2.110006612196471329e-02 1.408364465345853667e+01 3.294340906061231777e+01 4.008817763210622331e+01 4.095049048393380531e+01 2.092876922370258796e+01 1.827064240641100312e+01 3.208454146164516629e+01 2.190229286576476397e+01 4.223401013461086251e+01 3.400473093184770335e+01 1.408980280141096486e+01 3.400473665507896470e+01 4.937992485710204704e+01 2.965550531335721729e+01 4.457811773304742786e+01 2.545507948523802710e+01 1.578864715819421960e+01 3.609604822883093078e+01 4.533828001215412229e+01 3.805780173288445667e+01 5.205546157400840457e+01 7.189483401368670457e+01 6.661998751963959364e+01 5.551755321278869815e+01 4.749474543184700792e+01 3.070994266581569221e+01 3.705491858328173294e+01 5.703916660776429381e+01 7.603029149220721195e+01 7.223367864828745155e+01 6.636589513743881241e+01 8.639976118124756965e+01 9.791124668433158718e+01 8.085829486734891702e+01 9.479667319815193594e+01 1.032020371623448369e+02
9.367352646185668485e-02 7.653194891302284475e+00 2.190107573109128580e+01 4.256737671776497223e+01 4.939958684265884159e+01 3.521085444900887751e+01 3.268867942836340035e+01 4.722779448781033551e+01 3.125242179647386109e+01 5.037821946664397643e+01 3.812165573616318426e+01 1.795536983136178932e+01 3.812165573616318426e+01 5.611970838230460856e+01 3.670194229537915476e+01 5.277135443556458938e+01 4.291886950418113145e+01 3.609604822678526403e+01 1.801350444947707174e+01 2.530526497254224338e+01 4.533539041779567924e+01 5.515207365099075787e+01 6.306169565622562345e+01 7.236977932225799748e+01 6.485749252118722552e+01 4.486348256698315140e+01 5.071959249945820147e+01 3.435215844351113645e+01 5.433856006191295762e+01 6.154127331353173957e+01 5.223001994670242709e+01 7.223367864828745155e+01 8.370274172555150471e+01 9.788190984255592753e+01 1.012886590278912990e+02 1.096760431597031271e+02 1.096211514941090996e+02
3.648181865326004941e-02 2.003647578996364587e+01 2.180711704687042030e+01 3.596198757345602104e+01 5.569572648520516367e+01 5.578735598321274836e+01 5.370327785946626165e+01 5.922342232793155858e+01 4.537848934136334833e+01 5.922342307967439012e+01 4.250878572113170151e+01 2.240490000396402692e+01 3.668724363848066616e+01 5.658196113197489296e+01 4.539348359783741671e+01 6.424203994443548993e+01 5.264585496360589190e+01 3.247127332181545256e+01 3.838027147700643837e+01 2.042494155340355277e+01 4.060174031785768989e+01 3.756813119878354001e+01 4.605656886348650403e+01 6.424940809730846070e+01 7.315861542428208963e+01 6.485749252118722552e+01 6.189083124170174699e+01 4.190806830258285487e+01 3.827871252615803854e+01 4.156102740396691075e+01 4.539891172131363106e+01 5.538309023343056481e+01 6.952357360854716717e+01 8.882756843069340391e+01 1.004082986617164295e+02 1.111933696959120539e+02 9.941499362526414529e+01
