LEM/with_lateral_4open/elevation_000088.asc
nrows	100
cellsize	150.0
xllcorner	0
ncols	100
yllcorner	0
NODATA_value	-9999
[rows 17 to 33 of 100, columns 37 to 73 of 100]
5.829133357677081761e+01 7.195171672756333692e+01 7.988330360587508494e+01 7.967489676607881677e+01 6.797648022861034178e+01 5.282237701190354073e+01 3.249574908557806907e+01 5.282237701190354073e+01 4.611824011941545365e+01 3.628385999943763807e+01 1.618440217266025627e+01 1.516888002361363874e+01 1.416912695053433779e+01 3.274181394140894952e+01 3.444333435681240729e+01 1.811518938312757854e+01 1.398073233154020478e+01 1.493483364413322789e+01 3.592583253287472189e+01 4.094502850990449616e+01 2.670375721241685696e+01 3.176718218357452628e+01 3.868243570522171382e+01 4.752516980593535578e+01 6.161194858282806308e+01 8.129971878666177076e+01 7.950805767121222800e+01 6.141014164234938733e+01 5.149317310697556138e+01 7.173163908411703460e+01 8.659890913340554164e+01 8.101603813574976698e+01 6.164223758381952933e+01 8.101603813574976698e+01 7.886355129716925205e+01 6.209796926669323369e+01 6.209796926669323369e+01
4.808811489599234790e+01 5.213611020651895700e+01 6.869713583553779301e+01 7.656054755531380351e+01 6.592636349212000368e+01 4.400024256830062086e+01 2.831120376106939318e+01 4.302563732464865609e+01 3.776630011435850776e+01 1.765829206367938298e+01 3.611492770494400162e+01 2.182618462299378237e+01 3.375331799079283712e+01 4.229335361491339285e+01 3.597942540586150528e+01 2.313227263738906458e+01 1.858990661728746829e+01 3.497877142899291414e+01 1.633989990717770269e+01 2.059350744996485716e+01 4.094505392192009907e+01 5.149326815322388029e+01 5.849974507243960886e+01 6.666805705960874207e+01 7.552116950039628307e+01 8.226587984825762589e+01 8.643366319379424567e+01 7.089279902296443936e+01 7.173163908411703460e+01 6.014595055252721068e+01 8.034420276635651703e+01 8.997594227240044518e+01 7.582747426435415150e+01 8.997594227240044518e+01 9.043009194635271797e+01 8.214347672351988194e+01 8.214347672351988194e+01
4.758959209694364745e+01 4.041759712699169427e+01 5.515780522283808551e+01 6.296553699277184535e+01 5.211179191983305969e+01 5.502460374759706241e+01 4.265820382470413108e+01 2.285884499775751522e+01 1.920250221975045690e+01 2.137611672928267481e+01 4.150392387139702066e+01 4.075240160402565692e+01 3.224587791489547328e+01 5.050091644239529387e+01 4.173465671139294386e+01 4.069366167706562720e+01 2.318977338846060476e+01 4.179508535420326609e+01 3.734563956061445111e+01 1.787510013211561244e+01 3.292824483200511310e+01 5.302526208554261444e+01 6.668676096363050476e+01 7.672937346724737040e+01 6.872919738559519942e+01 6.386188394908241150e+01 7.741450901617122327e+01 9.025618623585408784e+01 8.861561011643144070e+01 7.031594811210652551e+01 7.448157188932852080e+01 9.449784574086474720e+01 9.584170419159406151e+01 1.002254514674297923e+02 9.198122026964746567e+01 8.979662013818744981e+01 8.953597364457682772e+01
6.782343546678424673e+01 5.515780522283807841e+01 3.494569193634723092e+01 5.015970328141823842e+01 3.935480870192001390e+01 4.343723341034502283e+01 4.064841601754998379e+01 2.082694781112929050e+01 3.931772714036101490e+01 4.150392387137750916e+01 2.692742574171406034e+01 4.709832492782046387e+01 4.156633260322470136e+01 5.816538316541723219e+01 6.373138301778841708e+01 5.056839905657481182e+01 3.055819879037791154e+01 4.944262682770033024e+01 3.896140634773350797e+01 1.900869890481746083e+01 3.981533419946033803e+01 3.885924574237770202e+01 5.863377732797727049e+01 6.547916413686675696e+01 4.917210111929607308e+01 5.022540950854792641e+01 6.953232757824333987e+01 8.508237035753764133e+01 9.308279831579288555e+01 8.195104550758058792e+01 9.449784574086474720e+01 1.027496483435342327e+02 9.731396080117023928e+01 8.906420930233159083e+01 7.192880779947265069e+01 6.973157979734659762e+01 7.950984975407779132e+01
7.521686706312733861e+01 5.515780442215290691e+01 5.017686240032931977e+01 3.001952281506622100e+01 4.344437217771845638e+01 2.363323072675095204e+01 2.246274561170327999e+01 4.081571402366591883e+01 4.472537785833061008e+01 5.122391925857548500e+01 3.101271545950621089e+01 5.122391993437579316e+01 5.412697541835346016e+01 6.724370555476151878e+01 7.268059080931905669e+01 5.110491394870749815e+01 5.110074748721257265e+01 5.841216054190746121e+01 4.120731270602303198e+01 2.040357059499620007e+01 2.207123402643352961e+01 4.248953276571478455e+01 5.330625766190676984e+01 5.258032516146388957e+01 3.767841081744903420e+01 5.172303514860955431e+01 7.123480940277947582e+01 6.583355825333627820e+01 8.508237035753764133e+01 1.018763200295331188e+02 1.101266837433459216e+02 1.006187528318276634e+02 8.060569638047421392e+01 6.898264813313694788e+01 6.186546544777277745e+01 5.551228699889885121e+01 6.850341190798262403e+01
7.530414705735279313e+01 5.506440963597084703e+01 4.933680968735426831e+01 2.915469489008603432e+01 2.530779054075311407e+01 4.380592762613068913e+01 3.753566864385238233e+01 3.741967125889600965e+01 5.787806549879591245e+01 5.564465875943726303e+01 3.538628848967250917e+01 4.707270288267567793e+01 6.735416824531807833e+01 8.036043010831849642e+01 7.427777778924381380e+01 6.608211382118297195e+01 5.905149664111043961e+01 5.304659660562276713e+01 4.230227644764406847e+01 2.181530118576734623e+01 4.225083565017833109e+01 2.507460699848066099e+01 4.518831593641812816e+01 3.275330465359262178e+01 5.258032516146639779e+01 4.383963619674316448e+01 5.196954733692331274e+01 7.147140478887118320e+01 8.340896848431653154e+01 9.139112723320450016e+01 1.009790273945190364e+02 1.088409581489504632e+02 9.731396080117023928e+01 8.906420930233159083e+01 8.196430526255657867e+01 6.850341190798262403e+01 4.842534514081818742e+01
6.627794664519922208e+01 5.506441001714040340e+01 3.481427959250469684e+01 4.681800522072884263e+01 2.665069799629767644e+01 4.633418484223378897e+01 5.973126579520922519e+01 5.969514854888688404e+01 6.850344913418554427e+01 6.072022636510899218e+01 4.041795594242209688e+01 6.072022636510899218e+01 7.565742567838181287e+01 7.751991603111936513e+01 5.770906147447551149e+01 4.619652548444941687e+01 3.913549775841904221e+01 3.310065487645435667e+01 4.331180453166960120e+01 2.321092955720723339e+01 4.287218546546761644e+01 4.518751847017399115e+01 2.797411087155197151e+01 4.791316807355310914e+01 5.916489198475740352e+01 6.349745823342175299e+01 5.165280728099842378e+01 5.763274883734862186e+01 6.418784803845768749e+01 7.386035050889852016e+01 9.295758646004354375e+01 1.040636397701144631e+02 9.595920424711748353e+01 8.666641157907091042e+01 7.835387321215628731e+01 7.679433398724910376e+01 6.850341130983730409e+01
4.594961259506569462e+01 4.117803550394538092e+01 5.506440185544454380e+01 4.818238019639749581e+01 2.800145878237984931e+01 3.861082167396148890e+01 5.206214238996708588e+01 7.314212077175002946e+01 8.089521483315570549e+01 6.072022636510899929e+01 4.759123165682810708e+01 5.701118338635705385e+01 7.722357505460760763e+01 8.570850022895508857e+01 7.427777778924381380e+01 6.608211382118297195e+01 5.905149488366554777e+01 4.522674457771933021e+01 2.510888224901388455e+01 4.351374095383848584e+01 5.151520618233217164e+01 4.790114109766469142e+01 4.791316807355310914e+01 3.151942774468901831e+01 5.028502557515156468e+01 6.234046035872698610e+01 7.116190098073731463e+01 7.700192833360104316e+01 8.340896848431653154e+01 9.139112723320450016e+01 1.009790273945190364e+02 9.274057195955306554e+01 7.632790131130570899e+01 7.835387321215628731e+01 5.824855019837038839e+01 6.413726297116231478e+01 6.083808272158636044e+01
6.627794664519922208e+01 6.148651235950760707e+01 5.022980151235422142e+01 3.002380326821937118e+01 3.261258855402004286e+01 5.280766523531583800e+01 6.507781458885411041e+01 6.547820824288685060e+01 8.466531636666728389e+01 7.620169132523105304e+01 5.671715564737137072e+01 7.620169132523105304e+01 8.549314408393242104e+01 8.115128245404193308e+01 7.295062568914518408e+01 6.296855238918121955e+01 5.474616396876641033e+01 4.646666146322067448e+01 2.643912166196194846e+01 4.544224040504123252e+01 6.182141048453680554e+01 6.749039357130601502e+01 5.945295384164235486e+01 5.136815807822369351e+01 3.514811110221838675e+01 5.495544137784649052e+01 6.738699290021429533e+01 7.427206637734501271e+01 8.226855539871030487e+01 9.192836739192593143e+01 9.807145076267534023e+01 8.462506621258347650e+01 6.476936429431306408e+01 7.328399664566501315e+01 6.413726297116231478e+01 4.406907345724291503e+01 4.078523461627452917e+01
7.262617300826191524e+01 6.605595960322041549e+01 4.573181673427455252e+01 3.146073628157393287e+01 5.168437654596656472e+01 3.963361306841006382e+01 4.540517272086817968e+01 6.580975588985086233e+01 8.476770591312246950e+01 8.521280772197643216e+01 7.107683979128911744e+01 8.521280772197643216e+01 8.694874043221894055e+01 6.715241671490933584e+01 5.308066263089016701e+01 5.474617225853215530e+01 3.480945480322927210e+01 4.770894847358752600e+01 2.773671603821809839e+01 3.588173421841197097e+01 4.984082118591509669e+01 7.054378598813413248e+01 7.059760900983350496e+01 5.804433101126045358e+01 3.826578693279223131e+01 4.199625755850514963e+01 4.775931218656226207e+01 5.479858691573954133e+01 6.464083847528225135e+01 8.390516046821443297e+01 8.977720789005806523e+01 6.966296690309702910e+01 5.804067207522662386e+01 5.317455140789284229e+01 4.932085737387588154e+01 6.413726297116231478e+01 6.016860573920315858e+01
5.225659633447929764e+01 6.394055632795620880e+01 5.315729280372855214e+01 3.291290700736798414e+01 5.314939016701564611e+01 5.147552149520833353e+01 6.580975588913533159e+01 5.645058734722526594e+01 6.815347163231982108e+01 8.803686793966807045e+01 9.112359739076769927e+01 9.044042476773974215e+01 8.054069721937831616e+01 7.234313703803655926e+01 6.038375763164703613e+01 4.045188339740554540e+01 4.951057849969057401e+01 2.956693704892928665e+01 4.771187323328977925e+01 4.377490020451160291e+01 5.509939521829448950e+01 7.423824926584120476e+01 6.256892269683211083e+01 4.284668477864087066e+01 5.804433101126047490e+01 6.172090480191616280e+01 5.815396133135158152e+01 6.738700412360579151e+01 8.226855539871030487e+01 9.192836739192593143e+01 8.638083182627792667e+01 6.625583315509557281e+01 7.816483552318018724e+01 6.739288936431375987e+01 6.941394737081517974e+01 6.775916841198436202e+01 4.767642726875566694e+01
6.394055633083998202e+01 4.356119239011611910e+01 3.817258086225997715e+01 3.450685643638137634e+01 5.477501083511032220e+01 7.171022042373648731e+01 7.999503714244350761e+01 7.655718372921649006e+01 8.476770591312246950e+01 9.622983206028754921e+01 9.621203154279183423e+01 7.646179765924540561e+01 6.243976684235721564e+01 5.246763931485105559e+01 4.730575373230306013e+01 6.038375763164703613e+01 5.087049913747474505e+01 3.093525497379080846e+01 3.847139224150453174e+01 5.840450070958725348e+01 6.275051580268217322e+01 8.154127329267463153e+01 6.589367145830519235e+01 4.622419252666884404e+01 6.589367145830519235e+01 7.902262116217784182e+01 7.759198318728070376e+01 8.560087801125145290e+01 9.473520812378204425e+01 1.064487013381985463e+02 8.638083182627792667e+01 7.338141071233867763e+01 9.349045131179263990e+01 8.750638774169807732e+01 7.675184551416273848e+01 5.664360821398594226e+01 6.187025500713941284e+01
6.619649835790893633e+01 4.581745081280933363e+01 5.640515237435144513e+01 3.611193723673238054e+01 5.640515238401414422e+01 6.725748454955042632e+01 7.236448279461961874e+01 6.865736363608851889e+01 8.296995350568582239e+01 1.030774024145600265e+02 9.517647971493944681e+01 7.542722281703693454e+01 6.397498820351635374e+01 6.654672458261700285e+01 6.721130559273782978e+01 6.633336218706092779e+01 4.643035613169119813e+01 3.232485561423322906e+01 5.225981157259219856e+01 5.109731245560350743e+01 6.517651655991934945e+01 8.498538396670366524e+01 7.390624740644962287e+01 6.021748296104136244e+01 5.147010527268459157e+01 7.103047663676228751e+01 8.185930425686075296e+01 8.908416080713807617e+01 9.708450355978210666e+01 1.066714726569263689e+02 1.017856901816496702e+02 8.345411774068523414e+01 1.017856901816496702e+02 8.836109743109531678e+01 6.825328327310180043e+01 7.086405566643507825e+01 8.197626302160161060e+01
5.452395141421627045e+01 6.619647200116403951e+01 5.209208178958231628e+01 3.773380507439397036e+01 5.805225297918269689e+01 4.690473656546201653e+01 5.206111554588819956e+01 7.236448623720731632e+01 9.023096991055597016e+01 9.923769728108604227e+01 1.033817226557240900e+02 9.196934588580765535e+01 8.377424092864033867e+01 8.633691460101870518e+01 8.205512389599365974e+01 6.773448362580946025e+01 4.783447370308974911e+01 3.372480412414805784e+01 5.366305166393215842e+01 6.590355617434261148e+01 7.097838535133861626e+01 9.077888250022016337e+01 8.759501185185830252e+01 7.902222913495342027e+01 6.287365808371214371e+01 5.747298825375712994e+01 6.258513915224903457e+01 6.996898711698833040e+01 7.955542921845984949e+01 9.861289239581630284e+01 1.118115600633980335e+02 1.035267848829001451e+02 1.118115600633980335e+02 9.666597704401543467e+01 7.987270211221488125e+01 9.096622761694973747e+01 9.282646526169438062e+01
7.487362733888002708e+01 8.079368425038806834e+01 6.644395917643761607e+01 5.805345237384518242e+01 4.007753201975075541e+01 6.043652978570693080e+01 7.214118338272074027e+01 6.165951939602613407e+01 7.075592452603167715e+01 8.505251167196516349e+01 1.051402567131802783e+02 9.816939573534581598e+01 8.906315998763129471e+01 8.088173473185594275e+01 7.384932951174073423e+01 5.397208910897836631e+01 5.529200780980502827e+01 3.534891721079159765e+01 3.779075039617161735e+01 5.770951994368002147e+01 7.013855248755103844e+01 8.247191692258009255e+01 9.064173248249132087e+01 9.016252315285517227e+01 8.217283716747260769e+01 6.551294952119050663e+01 8.185930425686075296e+01 7.483763635023406380e+01 9.394190404736096411e+01 1.066714726569263689e+02 1.117895914352672122e+02 1.034775134725354633e+02 1.034775134725354633e+02 1.082516229690121747e+02 9.995646107405102043e+01 1.018068000475248596e+02 9.350293040856058724e+01
7.786639139053568215e+01 7.355537831683379579e+01 6.949686955201575245e+01 6.227614427288015264e+01 4.190928888305394651e+01 4.491354048912533159e+01 7.300931336275020556e+01 8.191123788821029450e+01 9.023096991055597016e+01 9.923769728108604227e+01 9.424371398550300682e+01 8.540854583466308725e+01 7.021660104468736563e+01 6.106084835357292917e+01 6.469805605637503731e+01 5.761963068460679693e+01 3.767203216511729380e+01 5.529200780980502827e+01 5.770951994368002147e+01 4.204714221164947219e+01 6.195358887557105021e+01 6.274183463772376257e+01 7.925527481439455357e+01 9.320675280921923900e+01 9.271432993774706688e+01 7.665701268008849922e+01 9.271432993774706688e+01 8.832445203007353030e+01 1.019727838282452836e+02 1.095973509154446646e+02 1.034775134725354633e+02 8.344611946762877608e+01 8.344611946762877608e+01 9.761785545144805099e+01 1.076904244741269707e+02 8.762627795051504620e+01 7.344554184464809055e+01
5.764594772883607021e+01 5.326283449722031094e+01 4.917669026740996685e+01 4.526788810467737534e+01 4.487987707093166989e+01 6.463283911258834280e+01 6.775349954751179382e+01 8.939942162462291719e+01 9.751505023669498939e+01 9.999839497898079799e+01 8.030423281837207128e+01 6.630445911827085581e+01 5.738950272187451418e+01 5.031917161488090073e+01 4.476861534074634363e+01 4.005631804601067358e+01 5.761963068460679693e+01 6.584137620204874963e+01 7.013754301729987617e+01 5.204035317412433415e+01 4.676068367844013807e+01 5.123504638263318611e+01 6.530606514391296002e+01 8.477323096526298229e+01 9.294570167200204480e+01 9.575016342723938578e+01 1.037922401731288886e+02 1.075036328934763645e+02 1.037374185113836376e+02 8.960112123313875543e+01 1.037374185113836376e+02 8.931317893504638050e+01 6.923029363310914164e+01 7.984601601318541952e+01 8.815533482724509895e+01 8.923024814383333592e+01 8.192279604105141289e+01
