LEM/with_lateral_4open/elevation_000627.asc
nrows	100
cellsize	150.0
xllcorner	0
ncols	100
yllcorner	0
NODATA_value	-9999
[rows 17 to 33 of 100, columns 37 to 73 of 100]
3.589344140365174241e+01 1.381509790225934609e+01 2.468992336848443969e+01 3.638299785046262258e+01 4.513786100557544501e+01 3.995419992298558043e+01 5.818559192959757809e+01 5.575449471294829351e+01 3.554315507904271954e+01 4.146291940094923234e+01 2.444613039478153738e+01 4.466332388086247107e+01 5.653956443073939653e+01 6.598920801733831354e+01 7.426227168389945632e+01 8.427187136064669915e+01 9.213928117447146349e+01 8.885896836619809847e+01 8.057314982414895610e+01 8.057314982414895610e+01 7.243684469414796467e+01 8.658493531421255796e+01 8.911440475439862041e+01 8.086393170555082577e+01 7.906440010171695576e+01 7.080357386399589359e+01 6.861731161485568009e+01 5.328150844937906783e+01 4.274905606216415066e+01 2.274193371337384662e+01 4.070701045589258626e+01 2.799472651667883483e+01 4.801909662248465338e+01 6.448306893194178713e+01 6.742217826838297867e+01 4.740448700908932977e+01 3.325241160176070565e+01
1.612878664344151858e+01 1.461091783149195855e+01 3.438783940662929695e+01 4.300563730791589023e+01 5.580256485592271076e+01 5.804388531565604126e+01 6.623926820479569244e+01 6.405668632506274207e+01 5.575449471294829351e+01 5.029537524223217559e+01 3.014126263642413406e+01 2.795888361519245535e+01 4.821679692966944941e+01 6.019968731573641207e+01 7.441474333425294674e+01 7.697330230726510081e+01 7.223192936253754226e+01 7.807929172276170959e+01 8.632508540036269551e+01 9.783591179884682276e+01 9.245024003987425942e+01 9.498616930110817691e+01 7.501430936241577285e+01 6.086296847820999290e+01 6.821421186641562429e+01 5.080394041233744673e+01 4.861556582653471992e+01 4.491879403766836987e+01 2.485992812918707529e+01 3.691365245143728657e+01 5.083186567314164961e+01 4.801893138850656584e+01 3.617781319292320319e+01 5.032668648223722130e+01 7.034136349386557185e+01 5.763532553761719157e+01 3.761958577550987570e+01
3.820119018509727482e+01 3.485527106112600393e+01 1.573671945972569830e+01 3.190456442521481861e+01 3.580291854559777676e+01 5.776544254338114825e+01 6.557213152322550798e+01 7.347472624461353519e+01 5.458576019832170090e+01 3.931118662161389210e+01 5.029537524223217559e+01 4.821679692966944941e+01 3.161321372355566695e+01 4.598463129721981346e+01 5.926537361264995951e+01 5.690801258505275229e+01 5.805177974540451658e+01 5.805183997795541018e+01 6.964026060480209424e+01 8.960790032279626871e+01 9.883783769569275535e+01 9.057335564575582509e+01 7.685979479626517730e+01 6.821421186641704537e+01 4.820876860700801814e+01 4.113938544380844320e+01 3.447144567314246189e+01 2.929781804682792412e+01 2.657996515232404278e+01 4.658553633363769109e+01 6.451148580996517978e+01 6.446531816227030731e+01 5.618884965569390033e+01 4.773021658268244494e+01 6.774355734164866760e+01 6.298557848436750817e+01 4.296676502505491868e+01
5.155095365829579634e+01 4.317418435042241498e+01 3.599776869351595820e+01 1.686379645338967137e+01 3.714818558225238831e+01 4.856862338834132231e+01 4.429953127447838312e+01 6.558285060166655001e+01 6.763202298457960637e+01 4.823845219157268360e+01 6.763202298457960637e+01 5.828638837753049984e+01 3.805274523298229639e+01 3.580854372839675648e+01 3.903691241735761253e+01 4.259604026227572859e+01 4.638653846781794243e+01 6.651764834407194371e+01 8.165775021951617418e+01 9.318572953306728834e+01 9.057335564575582509e+01 7.057292103970489450e+01 6.858109632500810449e+01 4.857207947446433138e+01 4.372351125486974155e+01 3.913646500393920036e+01 3.496445835217247833e+01 4.832181548580638974e+01 2.831028709853265113e+01 4.832181539294354167e+01 5.348557505101834408e+01 7.347971770852359441e+01 7.604082385720386128e+01 6.187965266778153506e+01 7.604083153287797359e+01 6.876509708750387517e+01 4.874425735966582351e+01
4.317776612119462243e+01 2.280730484915858369e+01 3.254423539391984121e+01 1.766339495820450622e+01 2.256163330866669270e+01 2.779657823814477879e+01 4.260933848735031404e+01 6.340484591151767546e+01 7.660107036931599112e+01 6.246408149599407977e+01 7.660107036931599112e+01 6.541121726835058325e+01 4.525915539188932257e+01 4.413364411519572883e+01 4.814365829256798435e+01 6.277872870820075946e+01 6.651764834407194371e+01 5.334000261307703994e+01 6.494806244950714813e+01 8.493897359669652758e+01 8.798084981235730595e+01 6.797577192535838719e+01 5.641772928494921757e+01 6.858109632500810449e+01 6.372819660710374734e+01 5.068249710094875837e+01 5.498358316410210733e+01 5.030263022323880762e+01 3.029760989134695492e+01 3.348476370420885928e+01 5.348557511559659616e+01 6.368293742282628500e+01 6.855382685795179043e+01 7.698151406805686747e+01 9.020201038989404196e+01 7.705554058289061459e+01 5.875565919075350507e+01
2.699296331117782088e+01 3.913929777437276414e+01 1.881066980647257125e+01 3.796420325683497055e+01 4.224431823828367527e+01 4.854198966193670373e+01 4.489838847129161792e+01 5.969570849257653578e+01 7.985389708813319487e+01 8.248240766429171344e+01 8.541418922577058481e+01 6.541122218159661372e+01 5.538357343199690064e+01 5.320401854292107657e+01 6.826303031319652348e+01 6.459281240720632411e+01 8.165775021951617418e+01 7.339721566452085710e+01 6.234098871611747228e+01 8.234189115944549542e+01 9.624710122201514650e+01 8.470537936765396125e+01 6.797577192535838719e+01 8.470536658060495938e+01 7.896694443427095678e+01 7.069026210286502021e+01 6.644499174438199418e+01 4.644482123250192984e+01 3.230191872353517368e+01 5.230273540274421862e+01 3.903357934123715722e+01 4.362037285394705322e+01 4.846868899338581116e+01 6.855382685794971565e+01 8.522605632500167872e+01 8.706407808292198069e+01 7.291328454653195479e+01
4.744154158022384138e+01 4.753944914682384848e+01 3.913482312352613945e+01 2.001442585542994124e+01 3.412527273919931758e+01 4.871967076704353872e+01 5.342775473804439912e+01 5.826184113723780911e+01 6.421958132741133340e+01 7.163341845108405437e+01 7.980713650683104277e+01 8.369220353091124309e+01 6.958872841085764094e+01 6.482523647493323438e+01 8.153438405125440624e+01 8.459362723967880981e+01 9.283598251274673885e+01 9.059127520531558275e+01 7.390724962546821075e+01 7.649920376319646209e+01 9.644738631217622071e+01 9.624710122242960608e+01 8.798084981235730595e+01 9.329660745096927599e+01 8.375607689139975776e+01 7.553094519745070556e+01 6.848637258826268237e+01 4.848580282606798875e+01 3.434547703599288582e+01 5.434383408182016240e+01 5.903146402415764271e+01 5.167070853718487200e+01 6.841648554772292812e+01 5.663513599083746186e+01 6.821042472541203949e+01 8.847162484254324966e+01 9.292484528362669494e+01
5.970795861599114573e+01 5.701123810488404331e+01 3.685701148256199389e+01 4.036725537092272731e+01 2.122528014620360892e+01 4.160276825960191616e+01 3.337987711861165963e+01 3.833151968034472645e+01 4.446179103660638532e+01 5.201137685046901282e+01 6.333408412762175743e+01 8.297051997143356061e+01 8.956236434397229118e+01 8.482087786136014529e+01 9.306199068628841076e+01 9.657277278279983079e+01 1.047283824193685291e+02 1.021015502265185972e+02 9.386382576667375588e+01 9.644738631217622071e+01 1.046833466474344192e+02 1.017964666911691154e+02 9.041700925722572890e+01 7.335999512827878277e+01 7.274151226292167394e+01 5.748100097753154358e+01 6.345186310057243162e+01 5.642870930573634780e+01 3.643154381373254580e+01 5.057047611676350840e+01 7.057172469459302988e+01 6.317095017596822260e+01 7.929735694025502823e+01 6.420452529950667042e+01 8.445390763411586477e+01 9.696517106817474030e+01 9.879758569177214156e+01
6.800350192305967312e+01 6.523236046557353518e+01 4.428066223729895512e+01 2.247233018134456728e+01 3.735506395162695981e+01 2.679459080876146615e+01 4.692304028847073027e+01 5.826184113639590834e+01 5.464819428312438987e+01 6.423166125026818918e+01 7.980713650683104277e+01 9.117186154971345502e+01 9.726484882810265731e+01 8.911587188215426636e+01 8.264440401587515339e+01 7.687508477088114489e+01 9.657277278279983079e+01 9.572458949370121672e+01 1.014816763881846953e+02 1.031623381115964975e+02 1.112842215387487528e+02 9.373968071220340903e+01 7.392260242828720607e+01 6.226542501465582546e+01 5.322106653352187777e+01 4.653388061407818554e+01 4.345043727766076103e+01 4.047098444612244350e+01 3.963350546122500617e+01 5.962973817955633393e+01 7.262318560808826362e+01 8.263672055754290113e+01 9.042293189525472030e+01 7.846700676614743486e+01 8.069935735477581318e+01 1.011467226577344007e+02 9.769271172641312262e+01
7.191606860848231975e+01 5.045254224900457274e+01 4.379001016553706904e+01 2.335699427467295308e+01 4.344282194756706872e+01 4.691535575952434556e+01 4.122748797615212624e+01 6.137754396965050319e+01 7.434072574865899696e+01 8.253122312530167903e+01 9.232945588536213677e+01 9.897277889799050854e+01 8.911587188182750197e+01 6.934642056508418761e+01 6.279218911982023599e+01 8.264223467959457992e+01 8.989494810903788391e+01 7.594370935024265634e+01 8.173271829645013042e+01 8.343476731917421318e+01 1.031623381115964975e+02 9.989636615908781891e+01 8.069062823341249668e+01 7.194777244154809637e+01 5.188205477912928387e+01 6.658109943239664119e+01 6.345186310057243162e+01 5.202382219416617914e+01 5.962973842457850537e+01 4.434423549015017585e+01 5.588885434958518061e+01 7.003465185020365880e+01 9.001559229655734384e+01 9.897240591996641967e+01 1.011385908252214989e+02 1.047076064769937318e+02 9.464863848868894536e+01
6.637638876843300295e+01 4.411464068046407050e+01 2.969083916282341917e+01 2.424417693422639530e+01 4.467239981681131411e+01 5.379764667508934650e+01 6.125752970989579183e+01 6.954998234226935949e+01 8.460562411054672793e+01 7.695076043273023458e+01 8.461733121241223898e+01 7.957556592648293758e+01 9.328826069018779776e+01 7.513598990903044239e+01 5.511287849018017226e+01 6.890810447147289608e+01 7.392475956989794383e+01 6.183147689698582639e+01 6.941980800688027387e+01 8.343476731917421318e+01 1.031623381115964975e+02 9.569415582822956878e+01 7.511213995024564838e+01 6.086555858748223358e+01 5.689875886708495756e+01 7.695520454276187650e+01 8.047531333032887346e+01 7.209136932112602381e+01 6.718821976880053626e+01 4.793320037049581117e+01 6.795096308689231535e+01 8.081893187405435697e+01 8.750281982751073429e+01 9.582899984075304189e+01 1.058826748127054174e+02 9.635641755515840146e+01 7.630134762575080742e+01
5.856887837588860179e+01 5.917618498232686619e+01 5.042644908128952608e+01 4.467655365775828358e+01 2.551096788002564608e+01 4.334345053321129626e+01 5.503992527701670667e+01 6.229996732809208737e+01 7.047883038046822435e+01 5.773328293922288879e+01 7.510252309096664192e+01 6.567075322479014687e+01 8.353674817247778606e+01 6.958278576745142630e+01 4.937720946385366716e+01 4.865987127546552671e+01 5.384633638940960054e+01 7.391746980840194681e+01 8.408180564227779996e+01 9.225260884621192758e+01 1.021274158288669440e+02 1.007611701495424654e+02 8.086706167491529129e+01 7.245179439047815606e+01 7.695520454276187650e+01 6.479029774457868029e+01 8.480601461015649534e+01 7.687721311256346723e+01 5.687718952846074671e+01 6.208354106165046460e+01 5.500255904851658073e+01 6.077981857290319567e+01 6.745727910797390336e+01 7.748184824208689747e+01 9.753152048872225066e+01 1.047291649718967506e+02 9.464863851361975833e+01
3.819857259590640552e+01 5.330514757489397226e+01 4.864480309407428393e+01 2.811988363610836927e+01 4.597335983077495314e+01 2.696914363930071445e+01 4.746790334940084222e+01 4.154659533690952600e+01 5.679610473055623743e+01 4.754692713020115491e+01 6.734058693697458864e+01 5.558128118330710521e+01 6.399076211259174585e+01 6.059018989578905234e+01 4.396567704900130735e+01 6.438127040749850494e+01 5.489872671609347066e+01 5.947247439955402371e+01 6.424214939801771607e+01 7.421403219076648838e+01 8.818958088429528175e+01 1.079174876337965827e+02 1.002834467628628943e+02 9.224038532979511729e+01 9.082874100124038819e+01 7.085361734704352443e+01 9.082874100124038819e+01 8.394831016693296988e+01 6.395398668020363431e+01 8.208848590956775126e+01 6.656470132933860384e+01 8.081897771231521688e+01 8.750282001065899351e+01 9.582940665224819554e+01 1.059019384808472495e+02 1.117610832995388250e+02 1.095805206638361824e+02
5.335092660773709383e+01 3.274928601474429257e+01 3.078232008231103123e+01 4.787868522905014856e+01 5.569555365054912954e+01 4.744641143697774766e+01 2.843941337950334969e+01 2.960417677582544016e+01 3.646425052155062474e+01 5.308095303369823625e+01 5.436367780355899981e+01 5.561677227110653376e+01 4.366793586108720859e+01 4.004865564066327011e+01 6.059018989578905234e+01 7.263187052920541475e+01 7.495937681093789706e+01 7.941889065763156452e+01 7.830737502535426131e+01 7.364828235564311854e+01 8.249967684386975009e+01 9.388511381130810207e+01 1.136179414084432437e+02 1.049111588493682348e+02 8.499561253754099255e+01 8.240934090196141426e+01 9.907756933724979831e+01 9.225196259575672286e+01 7.396208869518362405e+01 9.224022424238941653e+01 8.660218776643999661e+01 9.490279891490098407e+01 1.019985628370849327e+02 1.102905916963674287e+02 1.117610832995388250e+02 9.183974889581085677e+01 8.966232478724529642e+01
3.614377642395637480e+01 5.335092660773709383e+01 5.135949884750615269e+01 4.272580729337655470e+01 6.309767755071879947e+01 5.138460076209254623e+01 3.079994412032795026e+01 5.016901301668984559e+01 3.130195715052153815e+01 3.251331726810337130e+01 3.374111976056716600e+01 3.498630254664762873e+01 3.624694481667883394e+01 5.685809060847255836e+01 6.721343099839891977e+01 8.143976605957908532e+01 8.916057738832844848e+01 9.132464332367450766e+01 9.805347072720141455e+01 8.762556218507135952e+01 1.015636773573272365e+02 1.103803066296163564e+02 1.217603063160134553e+02 1.131595261369587604e+02 1.049111588493682348e+02 1.023298554214809428e+02 1.105769459408287645e+02 1.022666567934694228e+02 9.393730315852491231e+01 1.022619139716565400e+02 1.040803991037102207e+02 9.864952516966437202e+01 8.177645900616515462e+01 9.864974577153266466e+01 1.076321626901742690e+02 9.549622929030029184e+01 7.558163032346297427e+01
5.080652110310121827e+01 6.504384772896462152e+01 6.310967026627915288e+01 6.310967026627915288e+01 7.137428683763123161e+01 5.383121204925347314e+01 3.321927242064174379e+01 5.383121204925347314e+01 5.214410763935419624e+01 4.717403927089939231e+01 4.842094986608647389e+01 5.561514522061073507e+01 5.687259689203347790e+01 3.834905398567350687e+01 5.303041993085653871e+01 7.025149312911784705e+01 6.929871520741450297e+01 7.147333756930984805e+01 9.132464332878649316e+01 1.073532597126442028e+02 1.042416081420848286e+02 1.016796615671661641e+02 1.098350487090442584e+02 1.212193699280960288e+02 1.180763927823446551e+02 1.098164596637165005e+02 1.086928193457137013e+02 1.004257360737959601e+02 9.823910524563558511e+01 1.040803991037102207e+02 8.389790104824697892e+01 8.760256856538896386e+01 7.005068695661688594e+01 9.032332537687283036e+01 9.353372620376212865e+01 7.943528857618677819e+01 6.889764037944975428e+01
6.370964299202231018e+01 7.928117435482833741e+01 8.311147137244263661e+01 7.906529429155717992e+01 6.840472626146035395e+01 5.633045766051164094e+01 3.572115068177876651e+01 4.615489633364776267e+01 6.650601360604311196e+01 6.752632833721898464e+01 6.871792854955216967e+01 6.181658892281234330e+01 4.130194485830595852e+01 5.893743694322618865e+01 4.147573855657726227e+01 6.198240872377684951e+01 5.503318079242200156e+01 6.929871520741450297e+01 8.916057738837520219e+01 9.541828038789523703e+01 8.449645516003918999e+01 8.193430835159965397e+01 9.333359187347970476e+01 1.130806047904970626e+02 1.098164596637165005e+02 8.982485780806908338e+01 9.568026242480658539e+01 8.039935580867015119e+01 7.820699614479489981e+01 9.173983083246581316e+01 8.760257186400779972e+01 6.738910968817121727e+01 6.247629792950841932e+01 8.266098755409049659e+01 8.353906890175417743e+01 6.526456574113412046e+01 6.280914482635120066e+01
