LEM/with_lateral_4open/elevation_000358.asc
nrows	100
cellsize	150.0
xllcorner	0
ncols	100
yllcorner	0
NODATA_value	-9999
[rows 0 to 16 of 100, columns 37 to 73 of 100]
8.884754177262699226e-02 6.929726548558100274e-02 7.395023591448830758e-02 4.828361932999872264e-02 4.897713358561925356e-02 8.568734790590110117e-02 1.075183056328203948e-02 6.823539046102447547e-02 7.194897206013613211e-02 1.557559815681563986e-02 7.704183385687686514e-02 1.685416958384493638e-02 9.680445094065920353e-02 7.639902522890137937e-02 4.559330980047965332e-02 5.839666421669215124e-02 9.739037529851846120e-02 3.670263267501718690e-02 2.041064012308905357e-02 6.895211126444661387e-02 9.031524355919069713e-02 1.560024811392830661e-02 7.641644294168103979e-02 3.888124420523987601e-02 6.873285589001959517e-02 4.772367030474261584e-02 9.504926490987847254e-02 5.760415539182907330e-02 9.666222459857021221e-02 9.627991409191682948e-02 1.286757495974483190e-02 9.381044340810595905e-02 7.584058927755046864e-02 1.435327048224320848e-02 5.777975670406795827e-02 2.716720951219454838e-02 4.735230246529398453e-03
1.423098316550370157e+01 2.006929726548522552e+01 5.237928030857732509e+00 2.004828361932964498e+01 2.004897711677793737e+01 5.632689310158216500e+00 2.001075183056292772e+01 1.776261656729207772e+01 2.007181702827711334e+01 6.408809976375384743e-01 2.000912256113249654e+01 1.990122710963932917e+01 1.425595985586464920e+01 1.421853465098230096e+01 2.004559330980012533e+01 4.228684944652444599e+00 2.009739037529816486e+01 1.417883825640609174e+01 1.156741602391486090e+01 2.006895211126409251e+01 2.009031524355883391e+01 1.931252818556229212e+00 2.007238898508455804e+01 2.003888124420488381e+01 1.421086847962109445e+01 1.418985930084138047e+01 2.009504926490952315e+01 3.649710195927335032e+00 2.009666222459821583e+01 1.423841553782274261e+01 2.001286757495939028e+01 8.258776252693923681e+00 2.007578625070744494e+01 2.001408899941186448e+01 2.000660594773465562e+01 1.163090878006323159e+00 2.000419874955510480e+01
3.423098316550440501e+01 3.058315286913336806e+01 1.058315286910626618e+01 3.058315286913336806e+01 3.140621588428770750e+01 1.140619200205452444e+01 3.140621588641743500e+01 3.418175129651280031e+01 1.532802332413828594e+01 1.541858292827243559e+01 1.527365411993705679e+00 2.343710060905248582e+01 3.447979531228224914e+01 3.421853749450500715e+01 2.848580884234521804e+01 8.492699254117344054e+00 2.848581130374898152e+01 3.417883825640679873e+01 3.156741526600701064e+01 3.985166207515083414e+01 2.385592325348222786e+01 3.855753715854977948e+00 1.385575371614191198e+01 3.385499328565585131e+01 3.421086848047498563e+01 3.418986592697059024e+01 2.730142531312091947e+01 7.301193912628457738e+00 2.730143062521801411e+01 3.423841553782202851e+01 2.825885268455733978e+01 2.240091478143572346e+01 3.653601067296555982e+01 3.575734773517545761e+01 1.639650417048960307e+01 2.300851125983474077e+00 2.240447927712257581e+01
3.090869788664755191e+01 3.661337976071919798e+01 1.661337976066164401e+01 3.661337976071919798e+01 3.807291365147654005e+01 1.807285866872145874e+01 3.807291351035337357e+01 4.170779397390411702e+01 2.794144767287146536e+01 1.118339234228877110e+01 2.154821217132578237e+00 1.642230816619504452e+01 3.738569166740578709e+01 4.261501041505093212e+01 2.263330551432420989e+01 2.003901242532931803e+01 1.665759448959697764e+01 3.079303566905142375e+01 5.073736279051136933e+01 4.180592256863566547e+01 2.050978217413511118e+01 5.836048801808318309e+00 2.583621582529379523e+01 3.385556920024281169e+01 5.385335440857087974e+01 3.799215064165157685e+01 1.799164466649383698e+01 2.730143062521801411e+01 1.379005075882877129e+01 3.379077893225845486e+01 4.825961365758497124e+01 4.240156780749624232e+01 4.971653601057349192e+01 3.024538753011064074e+01 2.343468854350608765e+01 3.446047794611212911e+00 2.345869789477552558e+01
3.439024890821451663e+01 4.368444757264997946e+01 2.368444757252724386e+01 4.368444757264997946e+01 4.635819011937199718e+01 2.807285867535954083e+01 4.635818525784456057e+01 4.693253867071138075e+01 2.757598553438738520e+01 2.277767361121324541e+01 2.784762005483762959e+00 2.077646498984053025e+01 3.612474500233101082e+01 5.087908919710088895e+01 4.261501055325030052e+01 3.416946238870860952e+01 3.663459480793452627e+01 2.665585736000716821e+01 4.658906773638807408e+01 3.854349488873761942e+01 1.929022040038412911e+01 7.856353889915054900e+00 2.785613410948094071e+01 3.985755378528661907e+01 5.141019344761895127e+01 4.627826472268419167e+01 2.799165321801625339e+01 3.913063649407354205e+01 1.913527559289012103e+01 3.012073527830946773e+01 5.013648300186141427e+01 5.641768707601180921e+01 4.805998204035961407e+01 3.041462716685524370e+01 1.037042623999862379e+01 4.596918469908089833e+00 1.874140298324449105e+01
3.816989366807667494e+01 5.196871891871454352e+01 3.523145295632016882e+01 5.196871891871454352e+01 5.636053468397223298e+01 4.807306310071527378e+01 5.635872131010292208e+01 5.458361489200101602e+01 3.814616192266551309e+01 1.762322760379145237e+01 3.415642303368804811e+00 8.875447064593849689e+00 3.021494812339176761e+01 4.241543550849496569e+01 5.102034275221507897e+01 5.404006659256518219e+01 4.292769141762902052e+01 4.077271200530106654e+01 5.479393672307345042e+01 4.627427374096617285e+01 3.104904672933305321e+01 1.123696909967083002e+01 1.157025684768289331e+01 2.311651340971075186e+01 4.311794599130442407e+01 5.627954465185079869e+01 4.213399747376928417e+01 4.490225663078779661e+01 2.490877799323446595e+01 4.490225663078779661e+01 5.845748996515117568e+01 4.805187954299416475e+01 2.793705894064850526e+01 2.037248700977959004e+01 2.579091728025794339e+01 5.777481142110005408e+00 2.098669930589694133e+01
4.216989370745935162e+01 5.752524125113161091e+01 5.523145295688402001e+01 6.351572448212764499e+01 5.524485718209805185e+01 4.751933892675346982e+01 5.521435969535046695e+01 4.714967189456537255e+01 3.771498343502140216e+01 2.398833731876027286e+01 4.051605304147551045e+00 1.931742167424143375e+01 1.716884719356155742e+01 2.352827397640389151e+01 3.415880055445877161e+01 5.441176785810567651e+01 5.691831718241640203e+01 6.063099263069683076e+01 5.794769665434121464e+01 4.767560886536280407e+01 3.471314255183302322e+01 1.471850538124462737e+01 1.431745813212521057e+01 3.431695623847159737e+01 3.831681949499905926e+01 5.832036351506583571e+01 6.213668191880273639e+01 5.156566676030652019e+01 3.157543637175031392e+01 5.156566676030652019e+01 6.827058391814371419e+01 4.805998204035994803e+01 4.805998204036013277e+01 3.704028392254446800e+01 2.698471670467984040e+01 6.985013202402918786e+00 9.716627819600839544e+00
2.924096132244175550e+01 4.078796670628573651e+01 6.078796742739742598e+01 6.026249198848076105e+01 4.224095210097388531e+01 2.957674366421687395e+01 3.986733786543607749e+01 3.514668784276985747e+01 2.451090557517138890e+01 1.649043879005251512e+01 4.688535059547936257e+00 2.556793661977064858e+01 3.564671471226970567e+01 4.241543550849496569e+01 5.105136530997785371e+01 6.328877256877755286e+01 7.640904746233559308e+01 6.370592562698343642e+01 4.396689254438068417e+01 2.987864952094962945e+01 1.988225814488151144e+01 3.471314255183311559e+01 3.431700904614068293e+01 1.831736664945075788e+01 3.831682045038105855e+01 5.587831843138670962e+01 6.416665931351275276e+01 5.983575361025310713e+01 4.157494155466030605e+01 5.983575361025310713e+01 6.238895624508573690e+01 5.405719277196914874e+01 4.648945345169620680e+01 2.872440321636539551e+01 8.726614518035704648e+00 2.697943458432584052e+01 1.438708140118557033e+01
3.527118821399724169e+01 5.527118865006497117e+01 6.907225286689210009e+01 5.887782772912817819e+01 4.091848003234352404e+01 3.986733786543612723e+01 2.149499690891022041e+01 1.638507043126767826e+01 1.202005822665876877e+01 2.227699332522821152e+01 5.326760706158600200e+00 2.613809180218212802e+01 3.757514218268645578e+01 4.361382752469248913e+01 5.008900228570457358e+01 5.905896811131794522e+01 7.152586194843003398e+01 6.015152228282548919e+01 4.019042817223186859e+01 2.605354837765338516e+01 3.402161891558898077e+01 4.815201852122992676e+01 4.156107828992361419e+01 2.156161058645683681e+01 2.831609665575779289e+01 3.587438762171520779e+01 4.742265982724250506e+01 6.742896314497480148e+01 5.570959527725792526e+01 6.982292335218575374e+01 5.405719363193681204e+01 3.403484065101278588e+01 2.646076394153947220e+01 2.995737283480116631e+01 9.957363724900130109e+00 2.995687250836450488e+01 2.886465482961342133e+01
5.527118865006497117e+01 6.355547049505845791e+01 7.773572720686810555e+01 5.887782772943803167e+01 5.887782772943803167e+01 4.749873522708652729e+01 3.181685926847694645e+01 3.521353582777453539e+01 2.578821214903751624e+01 6.241061353009169643e+00 2.555376522771396708e+01 1.151277387832811350e+01 1.613544437625991179e+01 2.181939465766964403e+01 2.819818336530261149e+01 4.102624348427074352e+01 6.293862914300029843e+01 6.485422870967471454e+01 4.490233508354696568e+01 3.076661434960173835e+01 5.074610942912709532e+01 6.228241812687080881e+01 4.984752196011303482e+01 3.310700088321253531e+01 2.656084388134236107e+01 4.656095215816382193e+01 6.416665931351273855e+01 7.571831020972396686e+01 7.567180782823780305e+01 7.416717208809255624e+01 5.405719363193681204e+01 5.405719277198431882e+01 3.704783888981324935e+01 1.698028088037628791e+01 1.119341830764214585e+01 3.120057927429492395e+01 4.900833670815069354e+01
7.510248349083407504e+01 7.385143898780471261e+01 6.546571554771158219e+01 6.325638489615382554e+01 5.862493114705544883e+01 5.811647368245650824e+01 5.004560030698192463e+01 4.228614690621123628e+01 2.125640563868288879e+01 6.896534888289607146e+00 2.699235151716534276e+01 3.266001525392933047e+01 3.757514218268645578e+01 3.357306282417648902e+01 5.028750738434580825e+01 4.390798507984178656e+01 6.568903665334130437e+01 6.703255621798969344e+01 4.708581404013822436e+01 3.679554775709649306e+01 5.676804346441399929e+01 7.311474421821480973e+01 5.310956279305091243e+01 5.021250381332913548e+01 3.021148083162334785e+01 4.021016662226985261e+01 5.435593022295782362e+01 7.435950287364336475e+01 7.857528870987690084e+01 6.179950996546652675e+01 5.345225066686884219e+01 5.391708304812884478e+01 4.469420503451252102e+01 3.247858938583014066e+01 1.246575184223048005e+01 3.247859143847216501e+01 4.611615215932604883e+01
7.461992656900450527e+01 6.295476755076384023e+01 4.527648208669964447e+01 4.306833152042287338e+01 3.844094007406165758e+01 5.272259590682939745e+01 5.360124657417655669e+01 4.535589541173965955e+01 2.765257081972200481e+01 7.553421099710091013e+00 1.900016910324068320e+01 3.647278014606599328e+01 5.072359364093188105e+01 5.538235323784144981e+01 6.407463107014736181e+01 6.568903665334130437e+01 7.424090462143205116e+01 7.528540795601418267e+01 5.676804346441400639e+01 4.435395534149894559e+01 6.431115647271219871e+01 7.237124797712193924e+01 5.653782499176957543e+01 3.653444691272751754e+01 4.175753209340473404e+01 5.849750301661498497e+01 6.849917939511585985e+01 7.264026717407294598e+01 5.835391663596271172e+01 5.345225951882014925e+01 3.342949718807935966e+01 3.744258627230804137e+01 2.912676910816453812e+01 3.376579603380703531e+01 1.374813388827716665e+01 1.977488703142739013e+01 2.609391661844302135e+01
6.623624353880785520e+01 4.604623920588910124e+01 3.439471246938319382e+01 2.880575320165438669e+01 2.419323345495352129e+01 3.840799274904320981e+01 3.495240560198432433e+01 2.532292916000579908e+01 2.831030545459598358e+01 8.211729183242923114e+00 1.479506754330895291e+01 2.298482059254623877e+01 3.452221224006876810e+01 5.387797792360026961e+01 6.687030384342608613e+01 6.687030384342608613e+01 8.688864934762072778e+01 8.494996225191715666e+01 7.256098110723023353e+01 5.589224704606726846e+01 7.256098110723023353e+01 6.409773657926099588e+01 4.409354778535165309e+01 4.653520009087932152e+01 6.176220997102490173e+01 7.004637461749436511e+01 7.681925697069682712e+01 6.256800683366123650e+01 4.415161281974674523e+01 5.003090843297809442e+01 3.929402303353934656e+01 1.933301490055029248e+01 1.767264865286943021e+01 1.604028480449840188e+01 1.602536897764028012e+01 3.602200671790853193e+01 4.599167504686293739e+01
5.527766747532844960e+01 4.518146837989263531e+01 5.457953910225747052e+01 4.664043222302726832e+01 2.647515622841950389e+01 1.827849109573061526e+01 1.484629394156967663e+01 2.319216866613078665e+01 9.148829310198014042e+00 2.831512945322425523e+01 3.502147798601279760e+01 4.241428965156386965e+01 5.072360663245050461e+01 6.201463248878733481e+01 4.675148374266950668e+01 6.287933814803076160e+01 6.999222920937886272e+01 7.825262872979277518e+01 8.406070654106261486e+01 7.581160062166941316e+01 7.304003258116725306e+01 5.304106763055045803e+01 6.409773657926099588e+01 6.068457501526178532e+01 7.485009450148265842e+01 7.157459246887221127e+01 6.321992275742420730e+01 4.831136861198331189e+01 3.420029884123442798e+01 4.170538616463841208e+01 2.174795246487298428e+01 3.929402303353934656e+01 3.177502517182453445e+01 3.600816885408026735e+01 3.604397611810667001e+01 1.931233616497673466e+01 3.850471435192020664e+01
7.375427234312164160e+01 6.537163953915549541e+01 6.091362730470532227e+01 4.072828124179923037e+01 3.840799280681749650e+01 3.840799284900016630e+01 3.025082946209347767e+01 1.013118431277048437e+01 1.142808896894142556e+01 3.154483123538787837e+01 4.316487535563256728e+01 5.498030674604162016e+01 5.798306114226376451e+01 4.961844428864959156e+01 3.666717727921262338e+01 4.275277138179225034e+01 4.987393519609710069e+01 6.150965065384690433e+01 8.157964700583258377e+01 8.457891469713131016e+01 6.459389389851772023e+01 7.304003258116725306e+01 8.115246665467897458e+01 8.073401934180925821e+01 6.876878125800452324e+01 5.849434257042796759e+01 4.313408950045569412e+01 4.921850233442344091e+01 4.420724161831199694e+01 2.425487414039278633e+01 2.937272132134699021e+01 4.938970251019205904e+01 5.179283012989953505e+01 5.318314638791668614e+01 3.461852343238394525e+01 3.933020143259148682e+01 2.274143946477531131e+01
7.538375636429225324e+01 7.798893456868545115e+01 6.929480637521429287e+01 6.091362730470532227e+01 5.858857140168970545e+01 4.522319802071274353e+01 2.505780757578586559e+01 1.084230490149041515e+01 3.095814661838991100e+01 1.469530228093929125e+01 3.485408393841684926e+01 3.481275985061574829e+01 4.330604593732000751e+01 2.950456520235363200e+01 4.968909844789581598e+01 6.287933814803076160e+01 6.999222920937886272e+01 7.825262872979277518e+01 8.980357495711639615e+01 9.282728683526367774e+01 7.873462382180947827e+01 9.279036710944012611e+01 8.239321109700195223e+01 7.397412592094921990e+01 5.983438650761979005e+01 4.056566134673443713e+01 3.164335699950870762e+01 2.924034298867587012e+01 2.688792961086396360e+01 3.432405288452712000e+01 4.893354763774071614e+01 4.352433448425145457e+01 6.354995354672740149e+01 6.125343365679355401e+01 4.492054587676548749e+01 3.366254227169330449e+01 2.536181021087644893e+01
5.580691532621874273e+01 5.855628964433368822e+01 5.855628964433375216e+01 5.991261575276605100e+01 6.288664787754615304e+01 4.804628424178386581e+01 2.645915530224916523e+01 1.155523270687179505e+01 3.167835740867484517e+01 3.485388357296614714e+01 1.805827401988572589e+01 2.051124592376541855e+01 2.309093601662232231e+01 4.330797188767404293e+01 5.181560212435549317e+01 6.012196193103779507e+01 7.017016961664913310e+01 8.434542669336745746e+01 8.498032855490474446e+01 9.320649249343409792e+01 9.868828099078652372e+01 8.836500151062827513e+01 6.802325735133960904e+01 5.373114765335071752e+01 5.524040503127494617e+01 3.528102322576941674e+01 5.162392033920974654e+01 4.921850233442344091e+01 2.996822593345989105e+01 4.938157319240183085e+01 6.083549643333930135e+01 6.354995354672740149e+01 7.189264357991807231e+01 7.359682846921459998e+01 5.539943674221616732e+01 3.110745259757765169e+01 3.928672772426977389e+01
