LEM/with_lateral_4open/elevation_000529.asc
nrows	100
cellsize	150.0
xllcorner	0
ncols	100
yllcorner	0
NODATA_value	-9999
[rows 0 to 16 of 100, columns 37 to 73 of 100]
8.884754177262699226e-02 6.929726548558100274e-02 7.395023591448830758e-02 4.828361932999872264e-02 4.897713358561925356e-02 8.568734790590110117e-02 1.075183056328203948e-02 6.823539046102447547e-02 7.194897206013613211e-02 1.557559815681563986e-02 7.704183385687686514e-02 1.685416958384493638e-02 9.680445094065920353e-02 7.639902522890137937e-02 4.559330980047965332e-02 5.839666421669215124e-02 9.739037529851846120e-02 3.670263267501718690e-02 2.041064012308905357e-02 6.895211126444661387e-02 9.031524355919069713e-02 1.560024811392830661e-02 7.641644294168103979e-02 3.888124420523987601e-02 6.873285589001959517e-02 4.772367030474261584e-02 9.504926490987847254e-02 5.760415539182907330e-02 9.666222459857021221e-02 9.627991409191682948e-02 1.286757495974483190e-02 9.381044340810595905e-02 7.584058927755046864e-02 1.435327048224320848e-02 5.777975670406795827e-02 2.716720951219454838e-02 4.735230246529398453e-03
1.008884754177253917e+01 2.006929726548452209e+01 1.421641305430135027e+01 2.004018779731898547e+01 2.004897496471722462e+01 7.140715715125963703e-01 2.000548017864146289e+01 2.002796840245086685e+01 1.421663219681741097e+01 1.415771132879631544e+01 8.227888923683813971e+00 1.994608021720912561e+01 1.987572060782814276e+01 3.557952143139710088e+00 2.004559330980012533e+01 1.420053228794776778e+01 1.423952599902959371e+01 2.003670263267466112e+01 8.964682550122168081e+00 2.006895211126409251e+01 1.739887441243837651e+00 2.001559881982272771e+01 2.007641643876006299e+01 1.418101686793664484e+01 1.421086847962084398e+01 2.004772367030438573e+01 8.260015074187210260e+00 2.005760415539147345e+01 2.009666222459821583e+01 3.810186677632962038e+00 2.001286757495939028e+01 1.423594606713918154e+01 1.421797622214776347e+01 2.001434683204424303e+01 2.002510410444395106e+01 7.086725197839063739e+00 1.044485720066603118e+00
3.008884754177181975e+01 3.008884754177125487e+01 3.423493081145011985e+01 3.033651510623833758e+01 8.924127494987228459e+00 1.342766185253919664e+00 2.134261868806693485e+01 3.052009354081565107e+01 3.427342089952736615e+01 3.415774215908835743e+01 1.810758738912582899e+01 3.617347053101946130e+01 2.669133013776773211e+01 7.093486022458042051e+00 2.708431903922852158e+01 3.420053228794846945e+01 3.423952599903029892e+01 2.529461416867640011e+01 2.896468255012181103e+01 2.339509930478013899e+01 3.395099218448577094e+00 2.339509735680764280e+01 3.620833705728933438e+01 3.418101687799941146e+01 3.421086847961496602e+01 3.654428632165011237e+01 1.980702045797993094e+01 3.654428632165011237e+01 2.758983140807751155e+01 7.589831407725250223e+00 2.758983140807751155e+01 3.423594606713988497e+01 3.421798488043696551e+01 3.578540382291564725e+01 1.752391799228588098e+01 2.167953018239095186e+01 2.085644132657312078e+00
4.359752677604191717e+01 5.008884754173461573e+01 4.867699249351594659e+01 2.972480657136110338e+01 9.791179076284256766e+00 2.129933046187309387e+01 2.238564443923357850e+00 2.205782827864303286e+01 3.195506496561685594e+01 4.605924788897295485e+01 3.639958994458941532e+01 4.571490581253731733e+01 3.072267713406238343e+01 1.080739242375429043e+01 2.235247886686735086e+01 4.232403357100805152e+01 5.357888541613729672e+01 4.529461416867568602e+01 3.949839652322965122e+01 1.949839619367786270e+01 5.356260569830425311e+00 7.924207355026980260e+00 2.792420738159702509e+01 4.092252643169367587e+01 5.246953360759086848e+01 4.809129170544283483e+01 3.980702045798063438e+01 4.023894204935734820e+01 2.023894204839898947e+01 1.206196736272486802e+01 2.360897274651758693e+01 4.360897275249427452e+01 4.835469170429582420e+01 3.058027208219190385e+01 3.578540506586185899e+01 2.316295129926101737e+01 3.131060879635947369e+00
5.188179802343441338e+01 5.457305609694314796e+01 3.459869179674667805e+01 2.037405152566553568e+01 2.450769682791031556e+01 2.975602100773869907e+01 2.159753399260188189e+01 3.136698535377158148e+00 2.317736863453868779e+01 3.874130628098416196e+01 4.981561322213038778e+01 4.898025896670696966e+01 2.902522886647083311e+01 1.488987117288751882e+01 3.486992186404832950e+01 5.058409698394527965e+01 6.307188237896031069e+01 5.693944156646669086e+01 4.148851898641670033e+01 2.148847073497508120e+01 7.346334950250412277e+00 2.734633502597375454e+01 1.263825256293733901e+01 2.418525794673050555e+01 4.418525802899052479e+01 6.022864365778085016e+01 5.656887367210596551e+01 3.656887366696924602e+01 3.706196736397212987e+01 1.706196736272495684e+01 3.706196736397212987e+01 5.189324476721698431e+01 5.590175280873695129e+01 4.835393306837123362e+01 3.410360818888501200e+01 2.424016681721503019e+01 4.180788946816541340e+00
5.238045301080347826e+01 6.037714091613732847e+01 4.044904765038111805e+01 4.044892828027324327e+01 4.301806583369634751e+01 3.174781766147442141e+01 2.361434219179139760e+01 3.775102829552009265e+00 4.362914870221045405e+00 1.961082847719059785e+01 4.216399340847000587e+01 5.083881416210999049e+01 3.118663901123729687e+01 2.155629443731334405e+01 2.488815074280885753e+01 3.488059668669418301e+01 5.482278928388130623e+01 4.865573354881846058e+01 2.865579688926329283e+01 2.937687148581711227e+01 9.377027280517634011e+00 2.937702745674907945e+01 3.263825259770772647e+01 1.780223035788065289e+01 3.194436598172799080e+01 5.174335987284003124e+01 6.329036802864427358e+01 5.656887367210596551e+01 4.260896932707204599e+01 2.260896932497734468e+01 3.675110494871027811e+01 5.675110497595132841e+01 4.727144822402254931e+01 3.564315652607663054e+01 2.576711884970922384e+01 5.708022279431076207e+00 1.012859053895544115e+01
6.066472425815177161e+01 5.864936989845276116e+01 5.053046444529597636e+01 5.057511690285941341e+01 3.373680911832681772e+01 6.789630729721879199e+00 4.678899442644976148e+00 2.377648606874021553e+01 2.963931365768150528e+01 3.846138805195919730e+01 5.035320187125719826e+01 5.907511352878346855e+01 4.858245467003445839e+01 2.862586740388220008e+01 3.901301898121251099e+01 5.310475773727596049e+01 6.307188237896031069e+01 4.387287299718482103e+01 2.387287178755823902e+01 1.232586640361560271e+01 2.937702745675448668e+01 3.766131272422805409e+01 4.608650481003698474e+01 3.780223040476226259e+01 2.345908460737313206e+01 3.500608999116798259e+01 5.500609014583292122e+01 5.675110495587991721e+01 3.675110494870887123e+01 3.260896932497769285e+01 5.089324125082954708e+01 4.994473546036107336e+01 3.892996464101959475e+01 1.881024984394666788e+01 7.244351347173275890e+00 2.577227966220933197e+01 3.012778921311264924e+01
6.655972402543964961e+01 5.053063416135037755e+01 3.040233384723475396e+01 3.040374524266746903e+01 2.618147785338809896e+01 5.583471636639462332e+00 1.883002553342689822e+01 1.533233403886052137e+01 2.340066831372444511e+01 3.302624159040145457e+01 4.594145958818519659e+01 6.371442162647630880e+01 5.683324741625050791e+01 3.861584245953995520e+01 5.683324741625050791e+01 6.719649649333946684e+01 6.324525522017913204e+01 5.215718018877218043e+01 3.610551176427179598e+01 1.610551113370794241e+01 1.607220964994244383e+01 3.607221023499953105e+01 4.820550816421239659e+01 5.174335987284035099e+01 4.345908467274452391e+01 3.012575127403991715e+01 5.012575137209701381e+01 6.503537759743031188e+01 5.675110495587779980e+01 4.415597470877061426e+01 5.324409119426746884e+01 3.308473637204033224e+01 2.147381577451974266e+01 2.840703126185640670e+01 8.338907073816017146e+00 1.990586596042243173e+01 3.996937365420036059e+01
6.332106517751665820e+01 5.053032060888893540e+01 3.040233291014950368e+01 1.509754650651208330e+01 2.615865854092773546e+01 6.220397019018846230e+00 2.616788220999614722e+01 2.611025314864632918e+01 3.686554076180972572e+01 4.980062283516523536e+01 5.864179853511245000e+01 6.747334118493856181e+01 6.679667702750147384e+01 5.854906688052898289e+01 6.679667702750147384e+01 6.650793740873729121e+01 4.650793201084685080e+01 3.496092661969822046e+01 2.679596081025604093e+01 2.069382581111925745e+01 3.607221027920457601e+01 1.992121144454001680e+01 3.406334707723935651e+01 5.406334970723445110e+01 5.512575140478293889e+01 3.512575127404009123e+01 4.926788689833878720e+01 6.926788734278427739e+01 7.244024770014644332e+01 6.415597471865261525e+01 6.157641422355471406e+01 4.994473541933371763e+01 2.998245696172400088e+01 9.903667731100021854e+00 2.841216872968730200e+01 3.669352129502139093e+01 4.820184920255240968e+01
5.523390418447566219e+01 3.531274705176036122e+01 2.337155866660447856e+01 3.017813679512116920e+01 9.118003597585742526e+00 6.859623078652837158e+00 1.436228695927846211e+01 1.328228434709928152e+01 3.482500300572909424e+01 4.475567871123083563e+01 4.924300924384908740e+01 4.855632365783409909e+01 6.201156447890556223e+01 7.570153933005899205e+01 8.373142817345035382e+01 7.479230016662674529e+01 6.324525522017913204e+01 4.755377046231379978e+01 2.755376921681973457e+01 4.069382662941240625e+01 4.274963947692139499e+01 2.274963856928625461e+01 3.689177420422770126e+01 5.689177726481280928e+01 6.179241813682119044e+01 4.179241794070699001e+01 5.145568289933527240e+01 7.145568357508375357e+01 7.523982480859648092e+01 6.355559059302682101e+01 5.451138631215847852e+01 4.612399947350638740e+01 3.110961816180315864e+01 1.138876263429534319e+01 1.026762627244226067e+01 3.538823634024585374e+01 4.692371237713265941e+01
4.032151283499304384e+01 3.269710341261365727e+01 4.373241875133296475e+01 3.850751918359897985e+01 2.764525828731046175e+01 1.211867489284139943e+01 7.790448449209558035e+00 3.335091797930888902e+01 1.941950814589451824e+01 2.405199667455108070e+01 2.908949836960176327e+01 3.458724117612028692e+01 5.409698971385034127e+01 5.692637172553681069e+01 7.570153917429135504e+01 7.064778693231023965e+01 5.064778000015596149e+01 3.910077460152459139e+01 3.422043588348663690e+01 5.422043775172756597e+01 4.569847875698635420e+01 2.569847769238424817e+01 3.984061333027905505e+01 5.984061691669968042e+01 6.935170771616986940e+01 4.935170740089179731e+01 6.935170771616986940e+01 7.973996924025570365e+01 6.683074013846697881e+01 4.661941294527235158e+01 3.495530544163237607e+01 2.594766882309177092e+01 1.885541198540875030e+01 1.207997953263578950e+01 3.223193630919910646e+01 2.156408618868290716e+01 2.673959638965426677e+01
6.015746859404613645e+01 4.687986829848269821e+01 5.179466860056209043e+01 4.369878334626567806e+01 3.331925621522302094e+01 2.369367359585697841e+01 8.464461441531939911e+00 3.225850154065729214e+01 3.471926888162558100e+01 3.903847312242702117e+01 4.353484617513951349e+01 5.409698981169886167e+01 4.365333511437291492e+01 5.669140746569609490e+01 7.464868985216378405e+01 7.893216542137272995e+01 6.738511342633999845e+01 5.910077754623658564e+01 4.177972534367359714e+01 6.177972834710092087e+01 4.878454595047247011e+01 2.878454469162613805e+01 4.292668033347449352e+01 6.292668456958811163e+01 7.763599005118663854e+01 6.349384302693009374e+01 7.763599005118663854e+01 7.350532304051000665e+01 6.524660320503360822e+01 5.765024175101764570e+01 5.127843628173944523e+01 3.833146099190904010e+01 1.822445270836093911e+01 1.335717721533253055e+01 3.346426573855001152e+01 4.202258588244139759e+01 4.692359387288458805e+01
7.464271483115965111e+01 5.752634069640200920e+01 3.797575747770497401e+01 2.402099058323328507e+01 1.647839444613600079e+01 9.414727685917517519e+00 2.808632120373724916e+01 3.805644121803094748e+01 5.460591630229030358e+01 5.855823469783645407e+01 6.280322182581412704e+01 7.032826734092911636e+01 6.242549098422517773e+01 7.032887672492195463e+01 7.839553816324317381e+01 8.723402310662284265e+01 7.592187103705379059e+01 5.592186104390687973e+01 6.177972834710092087e+01 5.662919216841554260e+01 3.662919009715377427e+01 3.278454469162628016e+01 4.692668034061999549e+01 6.692668562683026323e+01 8.261594569062185656e+01 8.349384409547903374e+01 7.937208063752578369e+01 5.939563887750038873e+01 4.514851992875114917e+01 3.750082366058045835e+01 3.111838752468432645e+01 2.554294536897228340e+01 3.469650893417772863e+01 1.459897237308106988e+01 3.469651758205380787e+01 3.978917173525454842e+01 4.824293501394213024e+01
5.692451628458834989e+01 6.316636519619802215e+01 4.369286698221809928e+01 3.873854870949706708e+01 2.973837472968934392e+01 1.008492894599155321e+01 1.197143470595887749e+01 3.174022809225868968e+01 4.247869336649337413e+01 5.480823420926730449e+01 5.615893744749295990e+01 6.445079821943308218e+01 7.154874018792931167e+01 6.303723227206161539e+01 5.721625177753587366e+01 7.849475679797947691e+01 8.420627495172634269e+01 7.592187103705379059e+01 6.557346575406252498e+01 4.557346200720010643e+01 5.662919216841554260e+01 3.778454469162645069e+01 4.433155007665682490e+01 5.433155008401418939e+01 7.433155750959717523e+01 8.200112918533278616e+01 7.368422774297137323e+01 7.350532304006297579e+01 6.524660320503360822e+01 5.765024175101764570e+01 5.127843628173944523e+01 4.568704478101515321e+01 3.619498089982749889e+01 1.609097703029222615e+01 1.770445411993775409e+01 1.991246806461741414e+01 4.003907363430757727e+01
3.706346396379732511e+01 4.699419319091132508e+01 4.243351448612100540e+01 3.103575262303812821e+01 1.109380558792048710e+01 2.973591093363200955e+01 2.987451004772954732e+01 1.462817946910631406e+01 3.419741214775720550e+01 3.551734543166617186e+01 3.760138156571638746e+01 4.839816574705965735e+01 5.272401301244683225e+01 4.266941528086460522e+01 6.303723230005599731e+01 7.467447656118839916e+01 8.485000834169936468e+01 7.626391972799645202e+01 5.626391168822804900e+01 6.557346575406252498e+01 6.294852531492529835e+01 4.294852248656984983e+01 6.294852531492529835e+01 7.261590172302423696e+01 8.261594569062185656e+01 7.368422774297137323e+01 5.356043862170269421e+01 5.945455999215420206e+01 6.778077846939378048e+01 6.457615822924896065e+01 5.621494483179211699e+01 4.820098676703306495e+01 3.770248680192146651e+01 1.758984980659245068e+01 3.770243749387664423e+01 4.003906514008199480e+01 2.313578164345381794e+01
4.699419319091132508e+01 2.733547272008078366e+01 3.427159174971126987e+01 1.484669469199032221e+01 1.181030716986750129e+01 3.173628715801581990e+01 3.937434071528832646e+01 3.419721820978241311e+01 1.725859214835442046e+01 2.488621086951892991e+01 3.179261268337587865e+01 2.907002259158383239e+01 3.299319486874531293e+01 3.899130850922822589e+01 4.597881494492123977e+01 5.606925824498534183e+01 7.640597805230557071e+01 8.454831582874088269e+01 6.781091715899452765e+01 8.454831582874088269e+01 6.927308194330655056e+01 4.927307780690683359e+01 6.294852531492529835e+01 8.294855359892102342e+01 8.496873365998433769e+01 7.489096464032228084e+01 5.945455999215420917e+01 3.924370832207186055e+01 4.965359328600053601e+01 4.706649423315333536e+01 3.600936158789077979e+01 3.980749870450215866e+01 1.973932111580020177e+01 3.770248680192143098e+01 4.604651496392298071e+01 4.566367220306131713e+01 2.549426681549446627e+01
4.825868437484984952e+01 3.861181506311366007e+01 1.921219145047554377e+01 3.427157442752587002e+01 3.126859231653816451e+01 1.287075260127831555e+01 3.198324711187114033e+01 4.186313946769662664e+01 3.694266280326441887e+01 2.000789152432448859e+01 2.377628067749392216e+01 4.605748945356705804e+01 5.272401301244683225e+01 5.907504958660695138e+01 6.623761814864549535e+01 7.467447656118839916e+01 8.485000834169936468e+01 9.609541283517351928e+01 8.781093597550820107e+01 8.082009296559624545e+01 6.082008319943262364e+01 6.927308194330655056e+01 7.755744011973268925e+01 8.824553093718414232e+01 6.816298934801051246e+01 5.652682974743389366e+01 4.640207347189910081e+01 3.208638985482326689e+01 2.944770356961225843e+01 2.688100898681591389e+01 2.437902587921834652e+01 2.195378061359485500e+01 3.986658345576792328e+01 3.133834437210275325e+01 5.151637469360179722e+01 4.809667075031163108e+01 2.790617381993086710e+01
