LEM/with_lateral_4open/elevation_000052.asc
nrows	100
cellsize	150.0
xllcorner	0
ncols	100
yllcorner	0
NODATA_value	-9999
[rows 51 to 67 of 100, columns 37 to 73 of 100]
8.322408815326008380e+01 6.879410174259021460e+01 8.130753705372943330e+01 6.832360857462950321e+01 7.321226489228916989e+01 8.875477883111165056e+01 7.896629725518117482e+01 7.896639043824576731e+01 9.938298178009827666e+01 9.108740679308286303e+01 1.054447918678889096e+02 8.839007392830116316e+01 8.997355777407057076e+01 1.103327036158590317e+02 1.211821017572586641e+02 1.053201376949245258e+02 8.533371201318846033e+01 9.532573632376521289e+01 9.061809885679338095e+01 7.367629505136170565e+01 8.210921803816444253e+01 6.674600249730549706e+01 6.277682540683195356e+01 7.232290265164006371e+01 7.232290265164006371e+01 9.013908997721189564e+01 7.605791265332166518e+01 6.607216708997529508e+01 5.587373961390879629e+01 3.585143074074896674e+01 5.398374424814183925e+01 5.355378982095299278e+01 6.283589548627843158e+01 7.730199334302255920e+01 5.579563939732097566e+01 3.934644507742429198e+01 5.436294563424011272e+01
7.301906950574561961e+01 5.440778219005770922e+01 6.091343169268928648e+01 5.656372590316360771e+01 7.181516243768604113e+01 6.845541604894829391e+01 6.451035208142594968e+01 8.026760322367704248e+01 8.345921955902869627e+01 7.659226265317138882e+01 9.056044327593201615e+01 7.812066011715263869e+01 9.261449296580705948e+01 1.126252076780528739e+02 1.259666125053982313e+02 1.136323410483073815e+02 9.427019900577070644e+01 1.077555209246193613e+02 8.777733300458524468e+01 9.362878238575189016e+01 8.083430076526937569e+01 8.668137585382056898e+01 7.167655649204932899e+01 9.097964265522973903e+01 9.227175098008579823e+01 9.065200766517543229e+01 7.070258088061525825e+01 5.657668543938143557e+01 4.656910430742905760e+01 5.398374424814179662e+01 3.398251609270263174e+01 4.555842496664460128e+01 6.135097235895324275e+01 6.199905468072233106e+01 5.813495794642070535e+01 4.985321563581901927e+01 3.435037927747112718e+01
6.146556879519810934e+01 4.434504294793993040e+01 4.659883304674271898e+01 4.892233040840716285e+01 5.145406531197983213e+01 5.406168217655744002e+01 5.682087689308970369e+01 5.984937760829925679e+01 6.302398982454132437e+01 6.636741118807974260e+01 7.008650532236401887e+01 7.599306621095522019e+01 8.626371728186649079e+01 9.807191679879197466e+01 1.180644587499527489e+02 1.226058073731768729e+02 1.058054985989818562e+02 1.160557224899534674e+02 1.077555158569855251e+02 1.090868826096841673e+02 9.494506601177032223e+01 9.162374918616809794e+01 9.162371761382395619e+01 9.990654750420205232e+01 9.289237290773749578e+01 8.460577630518469050e+01 8.478918645301463641e+01 7.481810650567747700e+01 6.656257640907999473e+01 5.267223452444537912e+01 3.269815493501695869e+01 5.267121414988817207e+01 4.195867750014560471e+01 4.108881951558167600e+01 4.560434014699807648e+01 2.992809228387752540e+01 4.985320673977022210e+01
4.128160149402350498e+01 5.550592070312476523e+01 6.688672685666361417e+01 6.062495821648901995e+01 7.181516243807547539e+01 6.581236210922637042e+01 7.722368681728839590e+01 7.428210072448474932e+01 7.747347610106464799e+01 8.083779207747498674e+01 8.192142943478229711e+01 9.648234020042694681e+01 8.785363017916736794e+01 9.970751046679475849e+01 1.203349639948476408e+02 1.342109501892297487e+02 1.258272174094281297e+02 1.287849484777124189e+02 1.206500679103505860e+02 1.206500679008853183e+02 1.149263322133600269e+02 1.116035830090302170e+02 9.786122853155663392e+01 8.891096826723168078e+01 8.062081209629772616e+01 6.467278829297826803e+01 6.833055974554484635e+01 6.389614794636388240e+01 5.966409453678949859e+01 5.137087625860605300e+01 3.142609131076473261e+01 4.789868930602839470e+01 2.800971323632644072e+01 2.686035004777717106e+01 2.570115010438501102e+01 4.101430734005691647e+01 4.302636594499324474e+01
5.843981801998653225e+01 6.989037512234001781e+01 8.427483050418308608e+01 8.103159496768162739e+01 8.945287198985695909e+01 8.624257958715664074e+01 9.465754071078106335e+01 9.471788453864093071e+01 9.791008259613155928e+01 1.012696939383596515e+02 1.023615556465881866e+02 1.107396729974607581e+02 1.083507064154167381e+02 1.168389135593566124e+02 1.290845972744778578e+02 1.401068241784963107e+02 1.381015924570960749e+02 1.206500679116069819e+02 1.009122267824059236e+02 1.009122267824056394e+02 1.118218997990262835e+02 1.037181562750457005e+02 8.370502656020917698e+01 6.956387019942545180e+01 6.069197295714110396e+01 5.445832849071503290e+01 4.849931563133756640e+01 4.404610174640595233e+01 3.977867200970965200e+01 3.570084058551347539e+01 3.261707022027577096e+01 2.963270924124270778e+01 4.496519083738316880e+01 4.674757202181522331e+01 4.409042119024651640e+01 2.411268063864041622e+01 2.288941662274826783e+01
4.171048604875323917e+01 6.190284451857072412e+01 6.830871888319622087e+01 7.161180318989633520e+01 7.501095110713271197e+01 7.873923123421521097e+01 8.267346106523704918e+01 8.694041582619334463e+01 9.176690347920077784e+01 9.705263192130503569e+01 1.029530744847104842e+02 1.097488628999652178e+02 1.181601858213243190e+02 1.283679430016434821e+02 1.401097394688999600e+02 1.206594504345906387e+02 1.185222632331685162e+02 1.206634272460873660e+02 1.009124337398667137e+02 8.690531464039621312e+01 9.205346075304619546e+01 1.059984194327804801e+02 9.786150385704496557e+01 8.891096826723168078e+01 8.062081209629772616e+01 6.467278829298338394e+01 6.833055974554484635e+01 6.286034462688640190e+01 4.299088173633678167e+01 5.560499148235241762e+01 5.250613577215396077e+01 4.954334913017014230e+01 3.806226261726467897e+01 5.797439739374795664e+01 5.181250556772332061e+01 3.546552362916456502e+01 4.152752186829811620e+01
5.558013228680096773e+01 4.525246407690642059e+01 4.799374970472398871e+01 5.125092542626304493e+01 5.461680607340213811e+01 5.831950135983195338e+01 6.223161259218262842e+01 6.647802193770904466e+01 7.129143232644024408e+01 7.658304817074110815e+01 8.251589996568272056e+01 8.936864373627668101e+01 9.960598479730956001e+01 1.199106025666898176e+02 1.355304867643272928e+02 1.159740641406765320e+02 1.045932667894893342e+02 1.154587728663105537e+02 1.148482800581805918e+02 9.784350249614092832e+01 7.801801444128689411e+01 9.784349882161220080e+01 1.111708281542463510e+02 1.082395215216276227e+02 9.289237410101230807e+01 8.460577630938773552e+01 7.692916635323039998e+01 5.703284786122552674e+01 4.962333039498127363e+01 6.947897681684194993e+01 6.862607566158040129e+01 4.869924969645082058e+01 5.797473915195386240e+01 6.624523314092991200e+01 6.235630703811209941e+01 5.429187361349222130e+01 4.921174092581871662e+01
6.521085615881436581e+01 5.285070101245079144e+01 6.830871888319622087e+01 5.623930834909477738e+01 6.479158237779432739e+01 7.873923118987970327e+01 7.668859422415717120e+01 7.830071466110371148e+01 9.176690347920077784e+01 9.705263192130503569e+01 1.029530744847104842e+02 1.097488628999633846e+02 1.181601863068313776e+02 1.283621419508585291e+02 1.433920864501725418e+02 1.322549370631514591e+02 1.154587728663105537e+02 9.575207094916270023e+01 1.058391348380165340e+02 9.288702778503316893e+01 7.304081343484841682e+01 8.319521989201555812e+01 9.718335935468216746e+01 8.842849104788942327e+01 9.200274481698438933e+01 1.002002349164474140e+02 8.520831976544104691e+01 7.692916635323039998e+01 5.710384720317586016e+01 7.699877131021958121e+01 7.690666195705320263e+01 6.018656891154426347e+01 7.690666195705320263e+01 7.595220846830487460e+01 6.697560335111312213e+01 4.921300279950595780e+01 2.927596392473230580e+01
8.164562996381785354e+01 6.300391466460568068e+01 8.164562814715942807e+01 6.236455354971651843e+01 8.279556095568565866e+01 8.148747207459400954e+01 9.712220762759386616e+01 9.874246713751088578e+01 1.071343214325124791e+02 1.121109022060257701e+02 1.056496693964319888e+02 1.139614922482028874e+02 1.150706754260516931e+02 1.239787821507918011e+02 1.359112542774460337e+02 1.249460876714289697e+02 1.099947044461750494e+02 9.025511608193941981e+01 9.768780472509700985e+01 7.786951706368449777e+01 8.899800259506605471e+01 6.913743287964088324e+01 8.531266370378773445e+01 7.438167770268735524e+01 7.214023362319096577e+01 8.870032536086718267e+01 9.957930707219674105e+01 8.528946548796386651e+01 6.855746519066539690e+01 8.528946543427719007e+01 8.844181984882608560e+01 8.015465627754002753e+01 8.182559774413968512e+01 6.180046317311581561e+01 4.756569064205596220e+01 3.860117038466530204e+01 4.121206295317769985e+01
9.184112755846106779e+01 7.744965075759479589e+01 8.961150376754649471e+01 6.916367534279991958e+01 8.961150376754649471e+01 1.018840823008445398e+02 1.102595772073746190e+02 1.097025834680754741e+02 1.014873367958952599e+02 9.222738509999278733e+01 8.567945166038617799e+01 1.003747111258875719e+02 9.462794750260859189e+01 1.150728508303102586e+02 1.280077583525608702e+02 1.087250736170057053e+02 9.737066542351882958e+01 8.928568740593320285e+01 8.300588295750975476e+01 9.768770256071039171e+01 9.718351873601240243e+01 8.531266370378773445e+01 6.544655783397790572e+01 6.290550481462307886e+01 6.065843230313647894e+01 7.164494265885096524e+01 8.566619211599029882e+01 9.455764620668588805e+01 8.853212517807629922e+01 9.684543274940705260e+01 9.641084998928431560e+01 8.816628364877857393e+01 8.965434597434759212e+01 7.595220846830487460e+01 6.697560335111312213e+01 5.867669662775959694e+01 4.942227745524655091e+01
9.803616732848418280e+01 9.785440247560362081e+01 9.801559099133471875e+01 8.098564411457621759e+01 8.961150376754648050e+01 1.099552819810922273e+02 1.023488863379857889e+02 9.412871473460441507e+01 8.161947669396890603e+01 7.811848670404235406e+01 7.413295346586842527e+01 8.046313116832095602e+01 9.460449411681858578e+01 1.146708482923743873e+02 1.232252390475275234e+02 1.244391796560346535e+02 1.090025557501381570e+02 1.090026074530622964e+02 9.445385814054947105e+01 1.109159361157131087e+02 1.065874727352173750e+02 9.049916635549712396e+01 7.085903007082703198e+01 8.277099161154622209e+01 7.746698741504715713e+01 5.757616962632583579e+01 6.647488597934986387e+01 8.054488038655385651e+01 1.003974178363138776e+02 1.022556898763911164e+02 8.232977993117634696e+01 6.822256081324077570e+01 6.971190393862534052e+01 8.380664902637367675e+01 7.774295684120758665e+01 6.620191288865540002e+01 5.790341791851074049e+01
8.779782491153849833e+01 1.082745099636674979e+02 1.097645164056390854e+02 1.013946471829829648e+02 1.045844075672974895e+02 9.636571917409159482e+01 9.412871473460441507e+01 7.422497073069806106e+01 7.009266233905613319e+01 6.658670328386563142e+01 8.654301405298234329e+01 1.004428594981593079e+02 1.088027436340290990e+02 1.157206718555788143e+02 1.007274514384884299e+02 1.160161271383789483e+02 1.285677409725946063e+02 1.220642373890455730e+02 1.141605008862387933e+02 1.065899717522112269e+02 8.710717379514730396e+01 7.984241239433640658e+01 9.049916635549712396e+01 8.078608627834161382e+01 7.255663611126996670e+01 5.551606278741961376e+01 7.541478168573068785e+01 9.456586357909358753e+01 9.618998694654261783e+01 1.044203255253182903e+02 8.854249489199449386e+01 7.555290997746878645e+01 5.559212594667470597e+01 7.555290997746878645e+01 6.945189117066314566e+01 4.947328805842124666e+01 3.794293697204062710e+01
9.004141674776758464e+01 1.104982037564053172e+02 1.046237603086184009e+02 9.642887637211872232e+01 9.311028523318498173e+01 7.647866260244948933e+01 9.311028523318498173e+01 8.005464237844117292e+01 6.016226261185747859e+01 8.005464237844117292e+01 8.858807208506581787e+01 9.095573086520245454e+01 1.097287079319823562e+02 1.061214819424237845e+02 8.595255892143450183e+01 1.061716949935111103e+02 1.126060732827850330e+02 1.213568017877193910e+02 1.203869002928099263e+02 1.015325163923171630e+02 1.055752427133517841e+02 9.924663275276715524e+01 8.662597685243613910e+01 6.672893467148574587e+01 5.264792861602196439e+01 7.255643766674003814e+01 8.363054530900301131e+01 8.211389436990010893e+01 7.628338591943564495e+01 9.618998694654261783e+01 8.028947569671797169e+01 6.033537000980265930e+01 4.956861945747350973e+01 6.953454059569389756e+01 6.772856551920934010e+01 5.946107991303255602e+01 4.638281897320002400e+01
1.104982037564053172e+02 1.041829868525045413e+02 9.330242402512143940e+01 7.689226320759344446e+01 8.488392170906467982e+01 6.498687152411679335e+01 8.031792565972907028e+01 7.209000874875205511e+01 5.657550139033114789e+01 6.314803342788293605e+01 7.095544061196845576e+01 8.539593424663316057e+01 1.054897331073055682e+02 9.737806087828232648e+01 7.691996827812091908e+01 9.737806087828232648e+01 9.189223436056690275e+01 1.092938487504210201e+02 1.281289657170799217e+02 1.203869002928099263e+02 1.122549361449448355e+02 1.019584766487091656e+02 8.467649180425330258e+01 6.476434080456365905e+01 5.068003834351802794e+01 6.785683182260333979e+01 7.146290725065388472e+01 6.218810825340197113e+01 8.211389436990010893e+01 8.962280841914918028e+01 6.967937979678765714e+01 5.556112818924120234e+01 4.403197223994828846e+01 5.768353474966987449e+01 5.755729134438217187e+01 4.114268208590990383e+01 4.747828604516225681e+01
1.017324086944619950e+02 9.194852217384338644e+01 7.655820966715415921e+01 6.593890513448511115e+01 7.736354362147271502e+01 5.751312568089220179e+01 6.800596686573740612e+01 5.228394362209044033e+01 6.626733051666127494e+01 7.639462915710444690e+01 9.103374524599527717e+01 9.957100749264293427e+01 1.040848565275062754e+02 9.083521278065850879e+01 7.055891600188373047e+01 8.885182722509155440e+01 7.988064849591388850e+01 9.863667335690701066e+01 1.169566806450729786e+02 1.101972927559866378e+02 9.865208961130578302e+01 7.950979615139985412e+01 7.929909072157313688e+01 7.682869229919367626e+01 6.785825657366031294e+01 4.793688888887894706e+01 5.152888992964312820e+01 7.146311368262655606e+01 7.913611451445140688e+01 8.737634681888596333e+01 7.718623319538454552e+01 6.877406305963114619e+01 5.763150596998536912e+01 3.772287591856236588e+01 5.017536928752713976e+01 3.020810567288127046e+01 2.907136880008714996e+01
8.777428155898023476e+01 7.405939867410573640e+01 6.463738723760772587e+01 5.762059417916111670e+01 6.964317022979878402e+01 6.800596680672416028e+01 4.820011769367429366e+01 5.807944340278651651e+01 7.793249032942783572e+01 9.434320147738890228e+01 1.043433202259099488e+02 1.142427135923841206e+02 9.575872014237214103e+01 7.560355608317721021e+01 6.474334050786343653e+01 6.842331591459584672e+01 8.881932738628628954e+01 8.966072394161582793e+01 1.090911327509024602e+02 1.019374641703495143e+02 8.191743607474285227e+01 7.036531718612889108e+01 6.143616237472729580e+01 5.685835124860645351e+01 5.250538207070275831e+01 4.880533353754998416e+01 4.523195873207437501e+01 6.286473701147384929e+01 5.920782114330972234e+01 7.315866367108358759e+01 6.894764987070576012e+01 4.895268928368098926e+01 5.100416010519515453e+01 5.179258001738696748e+01 3.183367429610300192e+01 5.017536928752622316e+01 4.904398104114648049e+01
9.662448530154262016e+01 8.838705473207308216e+01 8.380160192789178097e+01 6.964317022979878402e+01 5.073010110003339435e+01 6.333881381821522183e+01 4.568321889941272218e+01 6.551141344906204722e+01 7.793249033135997195e+01 9.780541050350790044e+01 1.084095661701646094e+02 9.433349223059903466e+01 9.358981005110260298e+01 7.339999652593277801e+01 5.912959937669463528e+01 7.931345903216410420e+01 7.342776542706455700e+01 8.338917796444796693e+01 1.032248710810999768e+02 1.055855914183516973e+02 8.557482823399659821e+01 7.142125735941044695e+01 8.142855121669320795e+01 6.402547405095992872e+01 7.245949362213352174e+01 6.875155416535449149e+01 5.702716884169719691e+01 4.293660779559888852e+01 6.062859137139717802e+01 5.322302654855124615e+01 5.776427886135816436e+01 5.472410575901235319e+01 3.477762967220218826e+01 3.355359639221685342e+01 5.177025589666714467e+01 4.250355663838397646e+01 6.246109302503373328e+01
