LEM/with_lateral_4open/elevation_000304.asc
nrows	100
cellsize	150.0
xllcorner	0
ncols	100
yllcorner	0
NODATA_value	-9999
[rows 51 to 67 of 100, columns 0 to 36 of 100]
6.455108993161302877e-02 2.006455108958146383e+01 3.267387173329701255e+01 4.040271017777756413e+01 4.853449697307888044e+01 5.951682329902185842e+01 5.611654983918106865e+01 6.463669964533126233e+01 6.712072464910093572e+01 5.853494952162069609e+01 5.641480292451097256e+01 3.778738657896949604e+01 5.641480292451097256e+01 6.927488778368757494e+01 4.931446399050059171e+01 3.498559820498584116e+01 5.516073676416767313e+01 7.087294183951648563e+01 7.185583689322615442e+01 6.350811321129604892e+01 5.070626847804138038e+01 4.808148088423532585e+01 6.824743324573464065e+01 6.462890987155776656e+01 5.639103188788013910e+01 4.589777530056888111e+01 2.562645207637919142e+01 4.200167003530422960e+01 2.320638766718190382e+01 2.415700208776589974e+01 2.510266551110896316e+01 3.038550159620312030e+01 5.321984056075086755e+01 6.699979959866710999e+01 6.284826089816060346e+01 6.894824415279705931e+01 7.608418483041222657e+01
3.995603441288197999e-02 6.355818839121304187e+00 1.297652549005595723e+01 2.097275473470653040e+01 3.847687062637132982e+01 5.332040864697930260e+01 4.584256745730125004e+01 5.340013246349815290e+01 5.473188784493936510e+01 3.737919326483167026e+01 4.798722480202532381e+01 2.761051494430013165e+01 4.798722480202762597e+01 6.000640497964237596e+01 5.095392956859443956e+01 3.077463796475592162e+01 4.508911198870602988e+01 6.511285171212028899e+01 6.020354072979225890e+01 4.331365696102295004e+01 3.901752335275594419e+01 5.922176584815671418e+01 5.793799944733270024e+01 4.951517971553210629e+01 3.620143771067027672e+01 3.992002709214605716e+01 2.514983829203299237e+01 2.187331356977156460e+01 4.205711346743502332e+01 4.431877889037617990e+01 4.526390010539275011e+01 2.674763301977770524e+01 3.835580774996390119e+01 5.863534006202177551e+01 7.598299200412647281e+01 8.424321403422905519e+01 8.467721731533937657e+01
4.804567899273937126e-02 2.004804567899238421e+01 3.267387220120592417e+01 4.040271017777756413e+01 4.853449697307888044e+01 4.455136771967481479e+01 2.793933611823890928e+01 4.266972192526453966e+01 4.484185590613203232e+01 2.543198779677954491e+01 3.384079679251592410e+01 2.107463012084664555e+01 3.100405069946517855e+01 5.147515275878209451e+01 4.707042308906599715e+01 2.690614635839351720e+01 4.707042308906599715e+01 6.317941600732054752e+01 5.184883845906274757e+01 3.162383065778670499e+01 5.184883845906274757e+01 5.778021124172632028e+01 4.581279753680745870e+01 2.927791552844021794e+01 3.864741460186808553e+01 1.975583945103317873e+01 2.062255002455344766e+01 2.883648543712609325e+01 4.923064104209533554e+01 6.050354425170906580e+01 4.177897976106780931e+01 2.791013488026447575e+01 4.811951919212805961e+01 5.820598540209181238e+01 5.583761126772046879e+01 7.264667510790427229e+01 6.380867611416380214e+01
9.707512844716031930e-02 1.534910619744489502e+01 3.204345322207036872e+01 4.502573845997401492e+01 4.161312650507819910e+01 3.388649876983362219e+01 1.848106813454247543e+01 2.606841259119211784e+01 4.269235461073938609e+01 3.382719780161855283e+01 1.426885569597507519e+01 3.383929579006645127e+01 4.962544682831965304e+01 5.980160182710948646e+01 4.338870425957403398e+01 2.322560639378460579e+01 3.488282164583396394e+01 5.500852956920417114e+01 4.753685230753287527e+01 2.733649672501925565e+01 4.753685230753280422e+01 4.481665783648363544e+01 3.059915215533735733e+01 1.768580479598207589e+01 1.853934649928971723e+01 3.869546400235601169e+01 3.159553008948744335e+01 4.826783755023425471e+01 4.342307780817093033e+01 6.401582178225719133e+01 5.608421509279404660e+01 4.811951919197665006e+01 2.957008430402717636e+01 4.982862949592646373e+01 4.410930531389574583e+01 5.532302276589619083e+01 5.651409396212653036e+01
5.001202446392439237e-03 4.347498266836244518e+00 1.799193173119565259e+01 3.252993098587268150e+01 2.521117612247128292e+01 1.499562152896941747e+01 1.053734455754351096e+01 2.474339054022192386e+01 2.510554102025329470e+01 2.618484221374832899e+01 1.051866017393732022e+01 2.989144496946922303e+01 3.643750390096494129e+01 4.469495668874425576e+01 3.982556770592988471e+01 1.963761259046319907e+01 3.409105493093563410e+01 5.420165734634586840e+01 4.349678091078088471e+01 2.333220599572734244e+01 3.834683273743628718e+01 3.561014318593638706e+01 1.659084984311423838e+01 3.671664333047143458e+01 2.018785650676305110e+01 4.010706536039017323e+01 5.016199682209150978e+01 5.849223779644832177e+01 6.423442211868486140e+01 7.260039467284190096e+01 6.416910585653070598e+01 4.388860969657699940e+01 4.982862949579298117e+01 3.126511766608047793e+01 5.156624564095758245e+01 3.484601440755616863e+01 3.616013286064450938e+01
5.279685921607564503e-02 5.014299326804994017e+00 1.973093451672840715e+01 2.200750882089651483e+01 2.695282220432172249e+00 3.331175596222427426e+00 3.977410477498641850e+00 4.637795388333682212e+00 5.308611368899545546e+00 5.986141687522773758e+00 6.663700147488683001e+00 2.683259354945256447e+01 1.714826336579213972e+01 3.427837053206325635e+01 3.670046558733773878e+01 1.548615800898411976e+01 3.672407455827716660e+01 4.629540197249429667e+01 4.998849360633885652e+01 3.683226430961931896e+01 1.799261162006469306e+01 1.549801743103529539e+01 3.561014318594440908e+01 4.206349673316938009e+01 2.185936979258234558e+01 4.206349673518653276e+01 5.334615297715009063e+01 5.750087602663047903e+01 6.515155981812667108e+01 7.351078089020809614e+01 7.252336131243009731e+01 6.416910585651363874e+01 5.779338536117452207e+01 3.161405277513095058e+01 3.292484341788679814e+01 5.292136294162406074e+01 5.604846730747458849e+01
5.738623160518319517e-05 6.011754799228749002e-01 1.202634564863451105e+00 1.805330656665287137e+00 4.175182537842674790e+00 2.328771127278399788e+01 2.516147871154768012e+01 2.493576156024762369e+01 1.965197017287097125e+01 2.619122940502197494e+01 2.553686748769043291e+01 7.622306354920054261e+00 8.293164591590450385e+00 2.790365289158206963e+01 2.987883881556789234e+01 1.063635808559387996e+01 3.124026227556340629e+01 2.608183851313333435e+01 3.267893285481505927e+01 3.341947570696058989e+01 1.440010037578834634e+01 1.760114743819451277e+01 4.260812276228459439e+01 4.206349673518631249e+01 4.206349673518653276e+01 2.442381185683291989e+01 4.495243565249340634e+01 3.720045632206802111e+01 4.490976544892119904e+01 5.660613733244272794e+01 7.682482401964180951e+01 6.931678267600688059e+01 4.935767305109209957e+01 5.779338536129029791e+01 5.335713675941996570e+01 4.213685531230955661e+01 6.233949845023725800e+01
4.532054705376769438e-02 2.004279946665505818e+01 2.155074208336423780e+01 2.205854270094143743e+01 1.402869057899150995e+01 7.674217183306525136e+00 2.705879762487996487e+01 3.849411149533465704e+01 3.979743625521535932e+01 4.202560123131347325e+01 2.187328247397521608e+01 2.758389305556875470e+01 2.804979107990458331e+01 9.229687589696480288e+00 9.888763740944217062e+00 1.164344840198118547e+01 1.134733553229874836e+01 1.191377129585863237e+01 1.256092743873852946e+01 1.332087517255738796e+01 3.335780456545071360e+01 4.164341518918826068e+01 5.555422079756573339e+01 6.239499048785194901e+01 5.335293222441785588e+01 4.495818416875285806e+01 2.737156040482090447e+01 4.199222186439713767e+01 6.226964655164699991e+01 7.351078089020809614e+01 8.517325980179153078e+01 7.760317654862858205e+01 6.349523263056661193e+01 7.760317654862858205e+01 6.971601811770204904e+01 4.935402898537588356e+01 6.952307955397412798e+01
9.001595176218035732e-02 1.162912853574026606e+01 3.148983456081541377e+01 3.221937322598635944e+01 3.222641101760731175e+01 2.140024266742002013e+01 1.120531411170383329e+01 3.040150195069972838e+01 4.198700514517689442e+01 5.046368687362702588e+01 4.208865672391847568e+01 4.083587117800635724e+01 2.080495947210379271e+01 2.953704180986021655e+01 3.000736434639681605e+01 1.486156320037135714e+01 3.131495429066665892e+01 2.608135027233996794e+01 3.267736634894630043e+01 1.368718642473884550e+01 3.452422652992833463e+01 4.524515223975018330e+01 5.729964431663956503e+01 6.521948478690997320e+01 6.289744508520312394e+01 4.220792696671139055e+01 2.971680124950568924e+01 5.016804156768375123e+01 6.187492382895425180e+01 7.354709814756739661e+01 8.190043724169711936e+01 8.890268394027177123e+01 8.337124774975293917e+01 8.414057472878698718e+01 6.375961308721769427e+01 6.894353390461844810e+01 7.164527780881526553e+01
5.674351268809080251e-02 1.996950589396015374e+01 3.922960960557419696e+01 5.071582781406849705e+01 4.852370779930584632e+01 3.841220411668044932e+01 3.040150223968831256e+01 1.477402370215633987e+01 3.385685985965428557e+01 4.567380265748153789e+01 5.685763200693581609e+01 4.914435962060242957e+01 3.501384659175899827e+01 4.914403030444641018e+01 3.914491178952772543e+01 1.899085188313205563e+01 3.914491178780507141e+01 4.627502372020371268e+01 4.278889630122280607e+01 2.331902290478886641e+01 1.632619082685866374e+01 3.688640151610075435e+01 3.779354933202542099e+01 5.727154908829353985e+01 7.010727765679895640e+01 5.838919146844398256e+01 4.003783145070501348e+01 3.321190605230157189e+01 5.350404938059025284e+01 5.331545947021778886e+01 7.240816853314387913e+01 6.870111078930248993e+01 8.890268394027177123e+01 9.246685523652790550e+01 8.413756285463574613e+01 7.233826153739209985e+01 5.820221195853366680e+01
9.518805923843161321e-02 2.009518805923807605e+01 3.738824318325675478e+01 4.567659744057199589e+01 5.722666423219270371e+01 4.757389825155898677e+01 2.817507652213488711e+01 3.385685985965428557e+01 1.848872820431849107e+01 2.933723556155203127e+01 4.872612711356706683e+01 5.965174653629313894e+01 5.502521143866862730e+01 4.653742278965458468e+01 2.629222242563923828e+01 3.057641760129160957e+01 4.757600574579208086e+01 5.744926648104126343e+01 3.754489973834346728e+01 3.875492446328873086e+01 1.839501839845168263e+01 2.382078358914663596e+01 3.481190056649101194e+01 4.706037280459239724e+01 6.437864498314985440e+01 6.029825164763069267e+01 6.029825166818029913e+01 4.231184238302984113e+01 3.678428196719355725e+01 5.702803434094627733e+01 5.217625962738697609e+01 7.240816853314387913e+01 8.637890738901043619e+01 9.803254095908474142e+01 9.938124918048735879e+01 8.330753113269506116e+01 6.340917720117082723e+01
9.062254805971975413e-02 2.009062254805936476e+01 1.738774882174179126e+01 2.893475908202580271e+01 4.893688349076150246e+01 5.579910723337493295e+01 4.757389825155898677e+01 3.723432550139047947e+01 3.756197481369530777e+01 2.243597957366409545e+01 3.181849850206300445e+01 4.557331733357447945e+01 6.544904914022160369e+01 5.216622861111587639e+01 3.187124222224201020e+01 5.084964817495703215e+01 5.930343614880763425e+01 6.569097997031403224e+01 5.744926648104127764e+01 4.037376767675436184e+01 2.031471868291029992e+01 4.022805820780136088e+01 3.522864606495994622e+01 4.669777092040973088e+01 6.601218983466833379e+01 8.051462560606633190e+01 6.255873504617881764e+01 5.663587903182244077e+01 5.702803434094627733e+01 4.046571968632079574e+01 4.874801622748763918e+01 5.782383619657454688e+01 6.948708506303373156e+01 8.969215410583875325e+01 1.037198198853508160e+02 8.367243852339717591e+01 6.979733544800309630e+01
3.063233560239582431e-02 6.697299002270440837e+00 2.669739446320663490e+01 4.567659744057199589e+01 4.834495429482191042e+01 5.662922601641665921e+01 6.543657839519298136e+01 5.461315251002091742e+01 3.809573892056091182e+01 2.536026676269752755e+01 4.469897444485123117e+01 5.848298078623655982e+01 6.999932780366066254e+01 6.062386699697356818e+01 5.216622241403938176e+01 4.141600036998477918e+01 6.175330775578954956e+01 6.979858989357549603e+01 5.957392864309914415e+01 4.214233131366166418e+01 2.205530882396617542e+01 4.214233130490706714e+01 5.479124241294777420e+01 6.271096135535019300e+01 7.393356109929534625e+01 8.792973007862472912e+01 8.277113088678461850e+01 7.685777436402108265e+01 6.504880544434809053e+01 4.477900974181051197e+01 4.619803275494567885e+01 5.635453602660383865e+01 6.802215908384869181e+01 8.230637319485698811e+01 1.025107293488134701e+02 9.829861524933455996e+01 8.157905894278934511e+01
5.666595628964066211e-02 2.005666595628928661e+01 2.885759382591260191e+01 3.420281866614146082e+01 2.834495428782227222e+01 4.834495429482191042e+01 6.110516757257042286e+01 5.497003988845039402e+01 3.420494808349433669e+01 4.094971200845404979e+01 3.052933787169116187e+01 4.179015391014878844e+01 6.172182635807600093e+01 7.648237425394576405e+01 7.022597320573748902e+01 5.049348944277097218e+01 7.022597320573748902e+01 6.136656779175987708e+01 4.087888067138700166e+01 3.072392384197577186e+01 2.374771675275505345e+01 4.394171730705036794e+01 5.514009882685358122e+01 5.883559812714192816e+01 5.883559743582034685e+01 7.577086208591489935e+01 8.608471816545922195e+01 8.385370939519350486e+01 6.365942973962479812e+01 4.933602963867179625e+01 6.645751833138977815e+01 5.280227654471635645e+01 7.301557992904993455e+01 8.015237786483299942e+01 1.003481482530739299e+02 1.098334028459972274e+02 1.017145786323604426e+02
2.110006612196471329e-02 4.385457870841831252e+00 8.857593825841448165e+00 1.420281866408998184e+01 2.127388647595558169e+01 3.282089185974850665e+01 5.282089190998157591e+01 6.103631942281048595e+01 4.141887502091009310e+01 5.566153433698399056e+01 5.021426990486575903e+01 3.677533134917526780e+01 4.822342993087241325e+01 6.820456146442229795e+01 7.935060569951910736e+01 6.486974823951592839e+01 7.935060569951910736e+01 6.979858989357549603e+01 5.957392864309913705e+01 5.112272423157343582e+01 4.394171730705036794e+01 2.627606479808439843e+01 4.662529246316871223e+01 3.827552744518219185e+01 4.662457158077297947e+01 5.691272786934748495e+01 7.760718981572885866e+01 8.606297798913193731e+01 6.586842841632949330e+01 5.478003664794560734e+01 7.497026201589254413e+01 7.301557992904993455e+01 5.996646498548920334e+01 8.015237786483299942e+01 9.753304874226098775e+01 1.091875440207881240e+02 1.070524978898693007e+02
9.367352646185668485e-02 2.009367352646150096e+01 2.885759382591260191e+01 2.518752544389010950e+01 4.127388645252016630e+01 3.760381809496135475e+01 5.760381818747895011e+01 6.938729458013852991e+01 5.262998103983756693e+01 6.938729458013852991e+01 6.494570854373765201e+01 4.822342993087241325e+01 4.520807026262553308e+01 5.933435725700314123e+01 7.931947025765700232e+01 8.533053308049026953e+01 8.495626364076207437e+01 6.428483792022763055e+01 4.968596740957300995e+01 3.785803023793476285e+01 3.277746886566281148e+01 4.662529406048790293e+01 2.918832592459673236e+01 4.964085362309007365e+01 5.885967946198064737e+01 6.738459263706386082e+01 8.608471816545922195e+01 9.440584851802753974e+01 8.079366422760678290e+01 6.062080722041076797e+01 8.079366422760678290e+01 8.850474531897475572e+01 8.015237786483299942e+01 6.898304122915304504e+01 8.063997737872111315e+01 1.008661433965550032e+02 9.873135211806135203e+01
3.648181865326004941e-02 1.417861744238298449e+01 3.417861741353502225e+01 4.518752525325536595e+01 5.347177676710494154e+01 5.760381818747895011e+01 5.550715226862151042e+01 6.379145727173546021e+01 7.259671198667980718e+01 8.094813036633307490e+01 7.648237425394576405e+01 6.820456146442229795e+01 5.933435725700314123e+01 5.674124108249439047e+01 6.827977735519699820e+01 8.826413129723211171e+01 7.916476153644022418e+01 5.846735640966375769e+01 4.657729949586626361e+01 5.841511752536220570e+01 4.723595351383597318e+01 5.816069126645319898e+01 4.964085474106146734e+01 3.242044857379374179e+01 3.829808951317478005e+01 5.885967981606744814e+01 7.701194199760089987e+01 8.549588384873867142e+01 8.842914119669016770e+01 6.822756799513537374e+01 8.079366422760679711e+01 1.009926920930998904e+02 9.753304874226098775e+01 8.063997737872099947e+01 9.753304874226098775e+01 9.276479217889540507e+01 8.368863395411754880e+01
