LEM/with_lateral_4open/elevation_000140.asc
nrows	100
cellsize	150.0
xllcorner	0
ncols	100
yllcorner	0
NODATA_value	-9999
[rows 0 to 16 of 100, columns 37 to 73 of 100]
8.884754177262699226e-02 6.929726548558100274e-02 7.395023591448830758e-02 4.828361932999872264e-02 4.897713358561925356e-02 8.568734790590110117e-02 1.075183056328203948e-02 6.823539046102447547e-02 7.194897206013613211e-02 1.557559815681563986e-02 7.704183385687686514e-02 1.685416958384493638e-02 9.680445094065920353e-02 7.639902522890137937e-02 4.559330980047965332e-02 5.839666421669215124e-02 9.739037529851846120e-02 3.670263267501718690e-02 2.041064012308905357e-02 6.895211126444661387e-02 9.031524355919069713e-02 1.560024811392830661e-02 7.641644294168103979e-02 3.888124420523987601e-02 6.873285589001959517e-02 4.772367030474261584e-02 9.504926490987847254e-02 5.760415539182907330e-02 9.666222459857021221e-02 9.627991409191682948e-02 1.286757495974483190e-02 9.381044340810595905e-02 7.584058927755046864e-02 1.435327048224320848e-02 5.777975670406795827e-02 2.716720951219454838e-02 4.735230246529398453e-03
2.008884754177227094e+01 2.986597095443493277e+00 2.007395023591413263e+01 5.821786311226280652e+00 2.004897713358526445e+01 2.008568734782227239e+01 2.001075183056292772e+01 5.841738082357257333e+00 2.007194897205977924e+01 2.001554944935535829e+01 9.388905644011703799e+00 2.001451268318187715e+01 7.119777273754334113e-01 2.007639059424573347e+01 2.004559330980012533e+01 1.586437982710089578e+01 2.009739037529816486e+01 7.595992092859594536e+00 2.002041064012273353e+01 4.433309915984313676e+00 2.009031524355883391e+01 1.001560024821432471e+01 2.007641644285418536e+01 1.418208869462285548e+01 2.005298256967676096e+01 1.714390336971407525e+00 2.009504926490952315e+01 1.420591671278731738e+01 2.009666222459821583e+01 5.260257709035161433e+00 2.001286757495939028e+01 2.009379641740930111e+01 2.007584058927719539e+01 1.742090121646666434e+00 2.005777975670371305e+01 2.002716720951183760e+01 2.000473523024617251e+01
7.986599000289614558e+00 8.331811998355240334e+00 2.826207785774179015e+01 2.582178612922966465e+01 1.476605822122551892e+01 3.476605854880970270e+01 3.187197116574013123e+01 1.187196497391247796e+01 3.187197115574563355e+01 3.799894724418135183e+01 2.244027393442276619e+01 2.635279396959873210e+01 1.697707712192937279e+01 1.583276909492166595e+00 2.375160377688992952e+01 3.136207940890433576e+01 3.588026334032250020e+01 1.654026400285890830e+01 2.890544587321851111e+01 8.905445870983930590e+00 2.890544587321851111e+01 2.415773617003479146e+01 3.829975237281534817e+01 3.421587182517166781e+01 2.338614319947174280e+01 3.386874356985585699e+00 2.338710419999953061e+01 3.426020150014885957e+01 3.060548254728334072e+01 1.060548254728369599e+01 3.060548254728405126e+01 3.588665225179623519e+01 1.588476030089574387e+01 2.174308847402175005e+01 4.242090130134038795e+00 2.424517281229535826e+01 3.829002032918391052e+01
1.163808779829920859e+01 1.410513730568643176e+01 3.398511626876254610e+01 4.183712558591192021e+01 2.183712603309112055e+01 4.183712763065160800e+01 3.894307878452488580e+01 1.894303278577782734e+01 3.894307868207600620e+01 5.111765480603200018e+01 4.240478289147544189e+01 2.975928382913524572e+01 2.115834406131026313e+01 2.200023406469646226e+00 7.345628923854817138e+00 3.584882482930203906e+01 4.482453525032180863e+01 2.808726938665162720e+01 3.375615837600668812e+01 1.375615837171063305e+01 3.375615837600668812e+01 4.415780064842111585e+01 4.753668342816580861e+01 2.753120711977195612e+01 2.507769017131578693e+01 5.077182866442612408e+00 1.661369040894387439e+01 3.637275044018239356e+01 3.663570943883978259e+01 1.663570943883907560e+01 3.663570943883978259e+01 4.417024922139852805e+01 3.588662350770417930e+01 2.602779100777783228e+01 6.023831763790600924e+00 2.602837562691405893e+01 4.244876887705898127e+01
1.541775227115042490e+01 2.042811785118569290e+01 4.022500671379998494e+01 5.012148584712542743e+01 3.338413141696189257e+01 5.012150570596368482e+01 4.722853819718966406e+01 3.049003819129893245e+01 4.722774663076913271e+01 4.417855800530546162e+01 3.184777779673681053e+01 1.899626410667521270e+01 3.075702098779289795e+00 2.109198681027428890e+01 2.335766604569347749e+01 4.088294793587504472e+01 5.637154063411453109e+01 4.808726938665233064e+01 3.324351883369474336e+01 1.910138320995921291e+01 3.324351883371088690e+01 5.324351897602096528e+01 4.167593811952154681e+01 2.167228964813070746e+01 7.529740224393344228e+00 2.507769006411867707e+01 3.174054484501527185e+01 4.421350696472613606e+01 4.370677725070537889e+01 2.370677725070467545e+01 4.370677725070537889e+01 5.730248086132372975e+01 3.729698282268611820e+01 2.783343541751700201e+01 7.827171106877001350e+00 1.415195853340207144e+01 3.416078048327216976e+01
1.934014872808176122e+01 3.928880025371378082e+01 3.040022260532703413e+01 5.004979082227296772e+01 5.338413551580714511e+01 6.166858589217053321e+01 5.877626657758010964e+01 5.049015689137127083e+01 5.332516901151007715e+01 3.557577297050811183e+01 1.550569932702520681e+01 3.957862968064095988e+00 2.292173097309165897e+01 1.158281631870976192e+01 3.129602595169550838e+01 4.789710964124085280e+01 5.583216451843873074e+01 6.152779314547291989e+01 4.576804988824144971e+01 2.576804987662599800e+01 4.576804988824144971e+01 5.499743250490830349e+01 3.498906023386768283e+01 2.084484157450845032e+01 9.297507177387764443e+00 1.484454185173576946e+01 3.487397069032527952e+01 5.155988023483902083e+01 5.199104849816757934e+01 3.525378263449759686e+01 5.199104849816757934e+01 5.145483719382615817e+01 3.143575553101208087e+01 1.728552433020341894e+01 9.725487389945033812e+00 2.973389982871623971e+01 2.484578913531971978e+01
2.419126746671621930e+01 4.418599638709820709e+01 5.004979082227296772e+01 4.290242167371568627e+01 6.234869218379758138e+01 7.136878496296753838e+01 6.311532202084012511e+01 5.332534875020670739e+01 3.334228434885932302e+01 3.690028987157488416e+01 2.435247617039937040e+01 4.583226888816029465e+00 2.441530525284775521e+01 3.128954825454846400e+01 2.144110863010284618e+01 2.879024415588473573e+01 3.982951599141867405e+01 5.891764767521227952e+01 5.405232312875520506e+01 3.576804987662634971e+01 5.405232312875520506e+01 5.689662974136188467e+01 3.688768927099504680e+01 2.274322229757807534e+01 1.119582316902528518e+01 3.119830901001646595e+01 2.337583743008971737e+01 3.757225539557972382e+01 5.775105896531948702e+01 5.525378263449830030e+01 6.353805388196050075e+01 5.730862010676391094e+01 3.729760356697241264e+01 3.171630414233077033e+01 1.170578362128612326e+01 3.171681599063445489e+01 4.485747825939542821e+01
3.022346792320955799e+01 3.833719065890044675e+01 5.830626249979865605e+01 5.669409859559394960e+01 7.037030498370813802e+01 6.311532202084012511e+01 4.310213455004884509e+01 4.896386144708595367e+01 3.700915922891409338e+01 1.739191889199027585e+01 1.827538925142981086e+01 5.209576058841090429e+00 8.788318321068071981e+00 1.236850927107655806e+01 3.253042904871441721e+01 4.713613528417624110e+01 5.583216451843873074e+01 6.687235890870277899e+01 5.576804989985723893e+01 5.576804989985723182e+01 6.168881173354444059e+01 5.014190955476544787e+01 4.185608612513569682e+01 3.314114815504839839e+01 1.313839489437052777e+01 3.314114815504839839e+01 4.348249012492519228e+01 3.495690530059592049e+01 4.658618776069291556e+01 6.679788362527114032e+01 6.806888628035227384e+01 5.806258604195650719e+01 3.976557183328082345e+01 1.974681946024926305e+01 1.371586320316878371e+01 3.372991616508647894e+01 3.312859767527120880e+01
3.917437911560733710e+01 5.830626249979865605e+01 6.656299983733818237e+01 7.600008871414674161e+01 6.745917700987907040e+01 5.710596148781699810e+01 4.868849920303514978e+01 2.891736498074575579e+01 4.154417318282344951e+01 2.618850385737552600e+01 6.107476070893070208e+00 2.491967239997860517e+01 2.648598311649761783e+01 3.250909352676755049e+01 1.875262711920175462e+01 3.928432777620827210e+01 5.539366685160151604e+01 6.710959113238543239e+01 7.576805028348240967e+01 6.772757540707162605e+01 5.340600584212958069e+01 3.340051818941662987e+01 2.185231915918589962e+01 1.813839968491163646e+01 1.551195821875933234e+01 3.551508222246608426e+01 4.723662377328655282e+01 5.512865557707806374e+01 6.349146019595263368e+01 7.515437296882942064e+01 5.978726875458723811e+01 3.976679526772062445e+01 2.975411165540774050e+01 3.976557183328082345e+01 3.372991617137569875e+01 1.678376969716940792e+01 3.680367977996120032e+01
5.071952475136984617e+01 6.739797874763110030e+01 7.049307456814524642e+01 6.574103538222792054e+01 5.946666714369316509e+01 4.023918818142818310e+01 2.889152016529492428e+01 2.079829217093312010e+01 3.062925353458722100e+01 9.513799216461068298e+00 1.973513634189735910e+01 7.043011403132957149e+00 2.852030656925618146e+01 4.632456026820884176e+01 3.928432747026835870e+01 2.661437646834820114e+01 3.841155477938088580e+01 5.869751050681498583e+01 7.638787526125057070e+01 5.943896764236944819e+01 3.943186459191101534e+01 2.788271595215501009e+01 4.185608612513569682e+01 3.228196598384216287e+01 3.551508222246608426e+01 1.894193050022903080e+01 3.894570046975614730e+01 5.113040435920728299e+01 6.528797875362081982e+01 7.526282748339681916e+01 6.806888628035257227e+01 5.806258604195701878e+01 4.977703201115396325e+01 4.973080497465478089e+01 3.904472952303881783e+01 1.901992049203146706e+01 2.658327504353307802e+01
7.065111409781826524e+01 6.480078214172323214e+01 5.089991506753376882e+01 4.615361487500631910e+01 4.761247147800419555e+01 4.351094863629021603e+01 3.704755314343596240e+01 3.102175986124359142e+01 1.301440921464804390e+01 2.234411490455898530e+01 2.055499748100243096e+01 7.705357554905620354e+00 2.186643667479875930e+01 4.211982335232427488e+01 5.533091902694634001e+01 4.698540850681206393e+01 3.754291265447749737e+01 4.768519826034502529e+01 6.797182013499848097e+01 6.422363579801039180e+01 4.421648077453250636e+01 3.304709409844170409e+01 5.305349180220687089e+01 5.228759608007280946e+01 4.469649289566869044e+01 2.471545985522093147e+01 2.282708173000725083e+01 3.697262492227863362e+01 4.692396131052726815e+01 6.418178905080655738e+01 7.575179588516671458e+01 6.462521935891761871e+01 5.173343241692624872e+01 3.391530891497794187e+01 2.247588411435454603e+01 3.904472952303881783e+01 3.536870002374551092e+01
6.218081952085179154e+01 4.836458964699199470e+01 3.706219101697261920e+01 3.228561781265955943e+01 2.798145834725277581e+01 2.386612762289641765e+01 1.991561125851129432e+01 1.702751655647175610e+01 3.278926759767934840e+01 2.861425421846445971e+01 8.644847926670982119e+00 2.640857282000763817e+01 3.448816980986745762e+01 4.310720421857418216e+01 5.388972249807306980e+01 6.204656900928095098e+01 5.782850919767177800e+01 6.623994648847695998e+01 7.638787526125057070e+01 7.251279823783227130e+01 5.860258738036261406e+01 3.859503874089330822e+01 5.860258738036261406e+01 6.099337551786690881e+01 4.103385210665894078e+01 3.227388121422848855e+01 4.283526201473766548e+01 2.690960939218581061e+01 3.585556162710374650e+01 4.741127474409541520e+01 6.744491048054388216e+01 5.632463903946481310e+01 3.629113583810608645e+01 2.628733155686769862e+01 2.955296219935717872e+01 4.959677448527712329e+01 5.540118399225045920e+01
6.010667233863456005e+01 4.629653643198336965e+01 5.663861862039324535e+01 5.189063751561907623e+01 4.613305044370702745e+01 2.649608491625983220e+01 3.364360610565854159e+01 3.757589991390994300e+01 4.414075279944239583e+01 2.892823716373092324e+01 9.310009778059976426e+00 2.925823709026429498e+01 1.491505329632956034e+01 3.489004916064572370e+01 3.397171650383630492e+01 5.388977170461469512e+01 6.005323934049513213e+01 6.818150844766061880e+01 7.803663668891938698e+01 7.861030368867093898e+01 5.860258738049108729e+01 4.566836067312748071e+01 6.567655086080070248e+01 6.926712962425818887e+01 6.022559002025598573e+01 4.110994125146712719e+01 5.278152946004369994e+01 3.293186932811378398e+01 3.216400001128251063e+01 4.636748456137753749e+01 6.647822708774168632e+01 6.462365628818864138e+01 4.914416295673675705e+01 2.911987182292995513e+01 4.914416295673675705e+01 4.112500753893765904e+01 5.270208445753458903e+01
5.864452277447815476e+01 6.586174762880740730e+01 6.714721878064212035e+01 4.754972976897035153e+01 3.369040556588079482e+01 4.613305044370702745e+01 5.249954782924712759e+01 5.309542755325066565e+01 3.057644647851180153e+01 1.579847583502683328e+01 2.768690891624952144e+01 1.026298169648469383e+01 3.056367338870736816e+01 1.983544388372804335e+01 3.980548788542149197e+01 4.941834447545304698e+01 4.015717287579220596e+01 5.016212456498990235e+01 6.420591032939853449e+01 8.379818293217041969e+01 7.396535902359484282e+01 5.567285672363348681e+01 7.396535902359484282e+01 7.588085832497877448e+01 5.685865323200041388e+01 6.051622624041681320e+01 4.276219666785567597e+01 5.278152946004369994e+01 3.609142980086578945e+01 5.035129255334592102e+01 7.052871900356835511e+01 6.625783748733461209e+01 4.619405906517623350e+01 3.203733555322205717e+01 5.207140596054312454e+01 6.116942334891821531e+01 6.946270840580456252e+01
7.828085384011276915e+01 7.384472281932390558e+01 5.422796382989868391e+01 4.294072161857857850e+01 4.754972976897035153e+01 6.144793262995145966e+01 6.190941937412936369e+01 5.403546823105398289e+01 4.029565843354846777e+01 2.095203377175697668e+01 3.081049290506817684e+01 1.095221303104272081e+01 3.091988127299160638e+01 3.980548144602733629e+01 2.537622767586960748e+01 2.945533607301634049e+01 3.840941290556101961e+01 4.842116133325381355e+01 5.992622617606085100e+01 7.956926933028948667e+01 8.396986074186337135e+01 7.568024499797813576e+01 8.396986075427318497e+01 8.381196988369589462e+01 7.314178911487968548e+01 5.388608585030874565e+01 5.955759721995285361e+01 6.054518532012820486e+01 4.027695821250861741e+01 5.461399341677038421e+01 7.486434925383679229e+01 5.845126704681788254e+01 3.835762231042735237e+01 5.207140596054312454e+01 3.806274343764219026e+01 5.811841995315081988e+01 7.293822597971727362e+01
9.265967306501856626e+01 8.206662435263463351e+01 7.070153878542394921e+01 5.271592954281638299e+01 6.714721878064212035e+01 6.710110370462128060e+01 4.854053296491707670e+01 3.521411945886675454e+01 2.903167407306398573e+01 4.028514376942840158e+01 3.159703223676910255e+01 1.164258947612903938e+01 2.576521879398285009e+01 4.568162711496437112e+01 4.534114750836096874e+01 4.941834447545304698e+01 3.889389517433211552e+01 5.044481603130711989e+01 7.022409390657196582e+01 8.763855449533471642e+01 8.862578333849661760e+01 8.035150772974492384e+01 8.862578333959073973e+01 9.858999983924148580e+01 8.163163359077077530e+01 6.491115429383377489e+01 7.152773131859967748e+01 5.421703486532060623e+01 4.788819973609704306e+01 5.040702524285743635e+01 7.068334539762508939e+01 6.322212952928650509e+01 4.307182637270928893e+01 6.322212952928650509e+01 5.811841995315081988e+01 4.455422924165270615e+01 5.459288800028485156e+01
7.275241035586883243e+01 8.685776055699845699e+01 8.053819692440541189e+01 7.232203393622187093e+01 8.053819544327673441e+01 6.763978193446409648e+01 4.857896864799978687e+01 5.403546823083014061e+01 4.807737009959134156e+01 3.775533842641982574e+01 2.449345214837297036e+01 1.233445192281933345e+01 3.022874476108619746e+01 4.599653535508772961e+01 5.624695268343527488e+01 6.693970287767091065e+01 5.044481603130711989e+01 6.694031655219906440e+01 7.832052858794212113e+01 7.695247271721399329e+01 7.102714552316066943e+01 6.057154849019916298e+01 7.040693961478574181e+01 9.029607584470431902e+01 9.227256835702209514e+01 8.413058572653010003e+01 8.317789551708587226e+01 7.426023814049298721e+01 5.603522846379168953e+01 5.950512993804696293e+01 7.902855714609826521e+01 6.847162114975816394e+01 4.825029733855924263e+01 6.847162114975816394e+01 7.020400925325714070e+01 5.011656060295005233e+01 7.020400925325714070e+01
