LEM/with_lateral_4open/elevation_000580.asc
nrows	100
cellsize	150.0
xllcorner	0
ncols	100
yllcorner	0
NODATA_value	-9999
[rows 51 to 67 of 100, columns 37 to 73 of 100]
4.142716568999217941e+01 6.079647880322887232e+01 7.160254578301079675e+01 8.563373154964807554e+01 8.781716657131487125e+01 9.080761788209400720e+01 8.153262992735271553e+01 8.153253312681007969e+01 1.014306524679697503e+02 1.100929063320506742e+02 1.120613235809480273e+02 1.015452049257118290e+02 1.182045435636245969e+02 1.115543111779158494e+02 9.181636776109276354e+01 9.008571030433779470e+01 9.008571030433778049e+01 8.552890124772984848e+01 8.178419706222410923e+01 7.801552387346632145e+01 5.828255569431831873e+01 7.177541142847107380e+01 6.667852787221697497e+01 4.700498170148282640e+01 6.410632798061593007e+01 6.410338780483444054e+01 8.360215858402577283e+01 8.449439559148491696e+01 7.332442039253587041e+01 6.018776878381177653e+01 4.067073432809404920e+01 5.538300704251317086e+01 5.309331109777905056e+01 3.368612719972868064e+01 5.332842096531050657e+01 5.649138566286442398e+01 3.748373013675672638e+01
6.079647880322887232e+01 4.389670308022942180e+01 5.757136001637368139e+01 7.434625139348570144e+01 8.179785402738978917e+01 9.002527469667509763e+01 1.014353788424179186e+02 1.014387432444242307e+02 1.096743781253723853e+02 1.110083471126239516e+02 1.192518919395765664e+02 1.214567106167110069e+02 1.296977871142308629e+02 1.196722236227045499e+02 1.115543111779158494e+02 1.098458974210269474e+02 1.086192934974046835e+02 9.902065615982471058e+01 7.921314888802338317e+01 6.521816207558133272e+01 7.801552387346632145e+01 8.619567737989896727e+01 7.485239897541684684e+01 6.410632798073616812e+01 4.443520682628793139e+01 5.577128698365434900e+01 7.548339283443955594e+01 8.344063619459474523e+01 7.112917066452624226e+01 6.300710441023122144e+01 5.537480182856079125e+01 3.569764661223143776e+01 4.788194060446213030e+01 3.004248192360493874e+01 4.528266198437029999e+01 4.421301632377855384e+01 5.051047522421895764e+01
5.500671864224820951e+01 6.337664297780947464e+01 4.649163681593962139e+01 6.611011578384015763e+01 6.189940438222607355e+01 7.597184725872035926e+01 9.584995072756179013e+01 1.066863326664976626e+02 9.845163829920669230e+01 9.115444722966945790e+01 1.051934027236318201e+02 1.250468647209741135e+02 1.354113485802604657e+02 1.271579398441494817e+02 1.242016048220683047e+02 1.046159378254415913e+02 9.061590801696706876e+01 8.065593636673385447e+01 7.363524808207476724e+01 8.501463344953214119e+01 9.318818484176208017e+01 7.387191185722140574e+01 5.991564989418269960e+01 5.009792957091345045e+01 4.266419277048832015e+01 5.993323311514569696e+01 5.829682419737691390e+01 6.045004738994995819e+01 5.966032945879464222e+01 4.383631677301180218e+01 4.985057885605397132e+01 3.230268494636139565e+01 4.633073033277992181e+01 2.637920526500245444e+01 2.535222001553791316e+01 2.432673249509525704e+01 4.279112072699600589e+01
7.481017224793984610e+01 7.065087704799118740e+01 5.085951265778037111e+01 4.945983596416793660e+01 6.921415119428303342e+01 8.074400918859797116e+01 9.482622503766941691e+01 9.845163829717915860e+01 7.855630268442364184e+01 9.845163829717915860e+01 1.104271455000144044e+02 1.186704578921060715e+02 1.238497843946443453e+02 1.070914156970642921e+02 1.238497843946443453e+02 1.184656719703431946e+02 1.086192934974046835e+02 1.004841774458295447e+02 9.347383558281435967e+01 1.016284542147370615e+02 1.018527526443078557e+02 8.786233246853247181e+01 7.798168772930135617e+01 6.979137891943628347e+01 5.992420468085827423e+01 4.021483013546154694e+01 3.847935295974313163e+01 4.441520460245688184e+01 5.934230158820564327e+01 5.015355476912230870e+01 3.015428256469287049e+01 2.898643870458161231e+01 2.789762887142814307e+01 4.436989297909052965e+01 4.528224429360678727e+01 4.278553262527934464e+01 2.287631478401937812e+01
7.768746936483384502e+01 5.778498079009542465e+01 7.065087704799118740e+01 6.921456518750920850e+01 5.264766958345947501e+01 6.666684321184686723e+01 8.050165636034863326e+01 8.402720841649914973e+01 7.223854838158240455e+01 9.216018076226808375e+01 9.056922393517011471e+01 1.104271455000144044e+02 1.155725267261297518e+02 9.540075915103480497e+01 1.100815775932643561e+02 1.183743802567539092e+02 1.112616615399808211e+02 1.030202879240490006e+02 1.030202879240490006e+02 9.875942605869308011e+01 9.706054456899514093e+01 9.218377292363271636e+01 8.390627297765047388e+01 7.565485687780133617e+01 6.720858696364105356e+01 5.900754797856971834e+01 5.578151227018035740e+01 3.602389236284578544e+01 5.176638903536110092e+01 3.185122186855950943e+01 5.015031214990244735e+01 4.898231968530212299e+01 4.787597976535180777e+01 4.055162143543016384e+01 5.687588551528858005e+01 3.698481794320401406e+01 4.256328239471886121e+01
7.403420136877122104e+01 6.376666230485518838e+01 8.369655945051975721e+01 7.602047506050156755e+01 5.610937100488184370e+01 5.721370788885279524e+01 6.056314539904104066e+01 6.408367428585776793e+01 6.892719496863313111e+01 7.648061205787462313e+01 9.056922393517011471e+01 1.104271455000144044e+02 1.079483152249443378e+02 8.775226616527965007e+01 8.989665377999452289e+01 1.067483971063193025e+02 1.030202879240490006e+02 8.302873686917619978e+01 8.302873686917619978e+01 7.834897392292836571e+01 7.491723725369341480e+01 7.556086033042363681e+01 7.565642999331718954e+01 5.589823138425371951e+01 5.902390105172067081e+01 3.927894692376695929e+01 3.737443254003116522e+01 3.548000163935198259e+01 3.359835561979813434e+01 4.848940466741510136e+01 4.362402522712466890e+01 6.372613804354146083e+01 6.027360752662844590e+01 5.450257955867854776e+01 6.509584771667157099e+01 5.686888281205715145e+01 4.303126916652696821e+01
9.033749989363941779e+01 7.041467856428052130e+01 9.033749989363941779e+01 7.966055019349352051e+01 5.972303757996053264e+01 7.713143288596862135e+01 8.050165636034863326e+01 8.402720841649914973e+01 8.886214365802328530e+01 7.891482091509429608e+01 9.041755585983447929e+01 1.102730293864053124e+02 1.100815775932643561e+02 8.989665377999452289e+01 7.826051856323699951e+01 9.151048373710507633e+01 8.752836542328975611e+01 8.380061100621870196e+01 6.885664654567285936e+01 7.587313163369945812e+01 5.920528648269850436e+01 6.762498139358875449e+01 6.699633597318208444e+01 6.168346310766602159e+01 4.199242006260922722e+01 5.896087490152994803e+01 5.141287835476853729e+01 5.542245100277744996e+01 4.001393101470561930e+01 5.946671206941074672e+01 5.779420160736394507e+01 6.372617457966542531e+01 8.003246918712862623e+01 7.420610151568746460e+01 7.005520670510453840e+01 5.913023393467268107e+01 3.861310722824821084e+01
8.303010035545325707e+01 9.033749989363941779e+01 8.857386936228373031e+01 6.864308179571708024e+01 7.966055019349352051e+01 6.656143785738581187e+01 8.067292182857232774e+01 1.005648001490726813e+02 1.070447462338865421e+02 9.299409261174059793e+01 1.070447462338865421e+02 1.185158107632055646e+02 1.183743802567539092e+02 1.031582058428940627e+02 8.298375936322442215e+01 7.141854026970601410e+01 6.754650186753769958e+01 6.390755497130940199e+01 7.817898822107413537e+01 5.817825510913259279e+01 5.195117382957071328e+01 4.961666372303999850e+01 4.734134280175470622e+01 4.511742120906092879e+01 4.610846627928923169e+01 6.578052550927944253e+01 7.147828492100580888e+01 6.706431774986899086e+01 4.708001718605201802e+01 6.706431774986899086e+01 7.741616298414358255e+01 8.352667097466363089e+01 8.401021547974316661e+01 6.427487893027144139e+01 4.995710742209363531e+01 5.584336530598127268e+01 4.624129048316947888e+01
9.709521594089228813e+01 9.920751960081314280e+01 7.931378161913102076e+01 8.857386936228373031e+01 9.313834391421966075e+01 7.322066646588814365e+01 7.918664076331565127e+01 9.068761727910165860e+01 1.105492497429611802e+02 1.128490206731357404e+02 1.111186501072051698e+02 1.027308735333258767e+02 1.111186501072051698e+02 1.114675170660993331e+02 9.937922603462540394e+01 8.292728400445903958e+01 8.748478429463425243e+01 6.949972161056442133e+01 5.895847081675974266e+01 5.580693168497797529e+01 7.166119494415808333e+01 6.346995660785955096e+01 6.120089678614752415e+01 6.477987116121079225e+01 5.039069188472571881e+01 6.171338255910138315e+01 8.149929531909401703e+01 6.708455464550060299e+01 6.120172139352406049e+01 7.558651497348503767e+01 7.848498922002522704e+01 7.952090254155619675e+01 7.681997968892652295e+01 7.005588069446098132e+01 4.995710969347558006e+01 3.524598234214657566e+01 2.798496309141978955e+01
1.169541908474413958e+02 1.074446182567178170e+02 9.081384358823308389e+01 1.074446182567178170e+02 1.013739796312634098e+02 8.473909867170772259e+01 8.949254097419027687e+01 1.073196396769037051e+02 1.187940378094954070e+02 1.140493720147854759e+02 1.008952648904065228e+02 8.220255005328253617e+01 1.008952648904065228e+02 1.067697218864080781e+02 1.102728105747876128e+02 1.022954993846748550e+02 8.602079891331563033e+01 7.872584210767976742e+01 7.872584211310838498e+01 6.143472851216176167e+01 8.127244129557192309e+01 8.327724721041104772e+01 8.098776385844078618e+01 7.485975106733259565e+01 5.513900766550923294e+01 7.485975106733259565e+01 8.972503297764306751e+01 8.748052630698074950e+01 8.195803440285486374e+01 7.568078536399607970e+01 5.745958773105520834e+01 6.170896553680718455e+01 5.679243518355833942e+01 5.908856988873640859e+01 5.110033492210158101e+01 3.037619780152141757e+01 4.861524210344264674e+01
1.038192713336610211e+02 1.137444025259753886e+02 1.106734942651335700e+02 1.189181555834129824e+02 1.128503498797447406e+02 1.046119262881065879e+02 1.093603067000890405e+02 1.176043266703317443e+02 1.138075798406646868e+02 1.020142619297615170e+02 8.520801298073931207e+01 7.193601118148265527e+01 9.246671179330425616e+01 8.662692841422892798e+01 1.009084472509395454e+02 1.115137370488452149e+02 1.042647474730039932e+02 9.866313160088010648e+01 8.953114327414259321e+01 7.024836622266050767e+01 7.542790899762130152e+01 9.538239043501195624e+01 9.106914545477003742e+01 7.121677281039238494e+01 6.166297881408752346e+01 7.485975106733259565e+01 9.471567121138951961e+01 9.708475091020930847e+01 8.443779327558773673e+01 6.490452515607826456e+01 5.072460297288988329e+01 4.611694779512752973e+01 4.213917090322924963e+01 3.841503839060312941e+01 3.499221408217948692e+01 5.110033402331336561e+01 3.332240800499508282e+01
8.567189224496874544e+01 9.972169094498758568e+01 1.195458208609152280e+02 1.121229220831790911e+02 1.039121801461022301e+02 1.059505931344061054e+02 9.773138614537448632e+01 1.024841999537158017e+02 1.054333455288240486e+02 8.491996858452600350e+01 7.305849309183082596e+01 6.471990987236121384e+01 7.818065159005803366e+01 7.216920710998907396e+01 8.142442676108480271e+01 9.260559060003743070e+01 1.044735174249769045e+02 1.077716876586816994e+02 9.844895129051950278e+01 8.174589201649391157e+01 9.538239043501195624e+01 1.036343775506638565e+02 9.929675374215997863e+01 8.969104859401713270e+01 7.305033038369496978e+01 7.563134979486662246e+01 9.552524635789946217e+01 8.888977254957170260e+01 6.915406029911386554e+01 5.772108789049091371e+01 7.071284324273592858e+01 6.059308386528951473e+01 6.265836715866529261e+01 5.054892328154258507e+01 5.573662316584209009e+01 5.861595563211383819e+01 3.791761377957194412e+01
1.038192713336610211e+02 1.080428533640139648e+02 1.162150319122150108e+02 1.039121801460375281e+02 8.393274619882448917e+01 8.978458691771197664e+01 7.767796368257948814e+01 8.248330460782968032e+01 1.024841999537158017e+02 1.020142619297615170e+02 9.267752976799117448e+01 7.217584803668744087e+01 5.775965774205965175e+01 7.240712984402347274e+01 6.328468532514609990e+01 7.540315239918608370e+01 9.604978860644730787e+01 8.708832967072817155e+01 1.016966893866637491e+02 1.017274813674113005e+02 1.099723576182896352e+02 1.108120745046127666e+02 1.025810500778366645e+02 1.011714459498276284e+02 9.294341488688255026e+01 9.552524635789946217e+01 1.037507473931676998e+02 9.145555427172210727e+01 7.171285123159604780e+01 7.749535507309673221e+01 6.763008956599448140e+01 8.051246292292584883e+01 7.899078293564555509e+01 7.075394409350481340e+01 6.541316532353765467e+01 4.502153653445953552e+01 5.861595572717798319e+01
1.047735504472704235e+02 8.818924042158919008e+01 1.047735504472704235e+02 1.064476353035688732e+02 8.978458691737493780e+01 6.964747671407566543e+01 6.597924756719898198e+01 8.615353728830649516e+01 9.902818821099991453e+01 1.012150021566814360e+02 9.101133219776218652e+01 8.259131518040906883e+01 7.240710149056664591e+01 5.204106732206837904e+01 6.640987495341290980e+01 8.688578393794357169e+01 9.139231649509798672e+01 7.255152159665965428e+01 9.139231649509798672e+01 1.047256344077587329e+02 1.044030416137494086e+02 9.613259146836681168e+01 8.231073740611759604e+01 9.917645235821782990e+01 1.032351041238544127e+02 9.497094560375907690e+01 1.032351041238544127e+02 9.965138005307395019e+01 9.145555427172210727e+01 8.156950981662829747e+01 8.156950981662829747e+01 9.555509654051898849e+01 8.681239159516056247e+01 6.692113411446129589e+01 5.266220831254246804e+01 6.541316532353765467e+01 6.268314951807072788e+01
8.900694444415725570e+01 7.654297831430696419e+01 9.658036458731837115e+01 9.825201049712224233e+01 7.825392617152056118e+01 7.902084875455184942e+01 5.883768101194936406e+01 7.051594891628938910e+01 9.070537152765466260e+01 9.282840226793121019e+01 7.235466527291646344e+01 6.217506676321428216e+01 5.503320645262727595e+01 4.872289110363055897e+01 6.304374809331978469e+01 8.348011868614297271e+01 8.284893328217528108e+01 6.237098548663384179e+01 7.560888540666958590e+01 9.441039743916262239e+01 9.613259146836681168e+01 7.574579448604971788e+01 7.039329260293708046e+01 9.007441804989957745e+01 9.309869785622274208e+01 7.456501768903783045e+01 9.309869775652465762e+01 1.032351042679654540e+02 1.095406832644094521e+02 9.554711196725919820e+01 1.013415987268161018e+02 9.939775802279081063e+01 8.123532142498631003e+01 6.132879149898472804e+01 7.274714854422626331e+01 6.662767009691241071e+01 4.632200698025495456e+01
8.900694444415725570e+01 6.887126204818115127e+01 8.900694444415725570e+01 9.608154096278782674e+01 7.605924967778182122e+01 6.178310737256467178e+01 5.433944047317368842e+01 6.860184935502086034e+01 8.856602802012875486e+01 1.012150021566814360e+02 9.101133219776218652e+01 8.010580881128841213e+01 5.981550673129733298e+01 4.553453900001869670e+01 6.579270736781076323e+01 7.691256231810008615e+01 6.840714872941896374e+01 5.523929804345461037e+01 6.535279547714583259e+01 8.586497533619306921e+01 9.616677632256669028e+01 8.171694907549704112e+01 6.118568211212931374e+01 8.171694907549704112e+01 7.602069695233284108e+01 6.425378065780378734e+01 7.456501768903783045e+01 8.907789959157176440e+01 1.091980172112632061e+02 1.153307272487299286e+02 1.052214303724020823e+02 8.534688968894755590e+01 7.130263496780911225e+01 8.123532142498631003e+01 7.068751515240188610e+01 5.060250333155497771e+01 6.655835119791618126e+01
7.412538108507573043e+01 6.302802128202056053e+01 8.319427361834048895e+01 9.763604970397085481e+01 8.452166569981194755e+01 6.440282829673435572e+01 5.014946753966395931e+01 7.027264255905058121e+01 7.580102208087741644e+01 9.582132805204227566e+01 8.886093715545509042e+01 6.854506834043068864e+01 6.291062315033143193e+01 4.276549531211914967e+01 6.299180404315249149e+01 6.199827635583115182e+01 4.814051479555210022e+01 6.840714872941896374e+01 8.413698374298178351e+01 9.441039743916262239e+01 8.784786246477256100e+01 6.736590735536664454e+01 5.554835719951084627e+01 6.899999276669167614e+01 5.554835712310992335e+01 6.736557924140103637e+01 8.190326020098818560e+01 1.021035820047384135e+02 1.019637264963099028e+02 1.100571964579575734e+02 1.073942263898443628e+02 8.752124849048297506e+01 9.116800788216346518e+01 8.697240395812627867e+01 7.392297146865185198e+01 5.397827837882056912e+01 6.018097905425381100e+01
