LEM/with_lateral_4open/elevation_000050.asc
nrows	100
cellsize	150.0
xllcorner	0
ncols	100
yllcorner	0
NODATA_value	-9999
[rows 34 to 50 of 100, columns 0 to 36 of 100]
2.064481644892168788e-02 7.579934276676340232e+00 2.172209784094839335e+01 4.172525716959815156e+01 4.956048674389905528e+01 5.427447702008537789e+01 5.278143591607680918e+01 6.106369898936915064e+01 6.579612887007513677e+01 5.817055425207956176e+01 3.988374176905626456e+01 5.817087006034755348e+01 6.487480862510810198e+01 4.487915172067980762e+01 6.487480862510810198e+01 4.794053120334584861e+01 4.794053120334584861e+01 3.224743578769773222e+01 5.227533980119963530e+01 6.205138692679771850e+01 6.761067324747669716e+01 7.517867046218404425e+01 8.346036896210028999e+01 8.455326845089760468e+01 6.621529195047649807e+01 8.455326845089760468e+01 9.768352964452598997e+01 9.481712606586987135e+01 8.071395787645892028e+01 7.471554046638738100e+01 8.182730356567594754e+01 1.018118159593303460e+02 1.161464142409330975e+02 1.043624289595193773e+02 8.428480935990380374e+01 9.016540799054726563e+01 8.484635467968419675e+01
2.905961989428186565e-02 2.002905961989392836e+01 2.172207497866102699e+01 3.586426824054201035e+01 5.586572823937684262e+01 6.651528317166437887e+01 5.827396480947070501e+01 5.983537240544766433e+01 4.551692923959005554e+01 4.988302765068574729e+01 2.988211937163921306e+01 4.988305021580028153e+01 5.780519936434431827e+01 3.781245348889009250e+01 4.886417159746548577e+01 4.384593242595094154e+01 2.794536953265403056e+01 4.794053120334584861e+01 6.007106367828869509e+01 6.211436715254602348e+01 6.994561950607028677e+01 7.812968347797642821e+01 7.227131958589389171e+01 7.623898466139816321e+01 5.619256394554304279e+01 6.915879982303462725e+01 8.568957159537418988e+01 9.579387846276183893e+01 1.007081476575240941e+02 8.631313844513198319e+01 1.018118159593303460e+02 9.816582935340183269e+01 1.180345959647339242e+02 1.127094598474902938e+02 1.043624289595193773e+02 1.004525442215076083e+02 8.632890434131550705e+01
3.542675937824442400e-02 1.417756238310932027e+01 3.417756238311002193e+01 5.000963831547895211e+01 4.872884575010986197e+01 4.689096519527554108e+01 3.857126562410110893e+01 4.973082128047104078e+01 3.125414536597028814e+01 4.321602707389772746e+01 2.321439266751701780e+01 4.321604020373391819e+01 4.882103461662388355e+01 4.886417159746548577e+01 2.887903438973142300e+01 2.387060941037432826e+01 4.279382152551951890e+01 4.379238241037391788e+01 4.694154232284292760e+01 4.471611350168886645e+01 6.211971564442411164e+01 5.810402643797277022e+01 5.223830561860738442e+01 6.228032397396575703e+01 4.911815437079224722e+01 5.728891637385662960e+01 6.731197032444711681e+01 8.149397223546509395e+01 1.017185487561851858e+02 1.062501053223092526e+02 1.143976770339276072e+02 1.180345959647339242e+02 1.142470004493564772e+02 1.052489803154600736e+02 9.690162030295324769e+01 9.058769907273891420e+01 7.220526446112336316e+01
3.411803931810562102e-02 1.417625366304918089e+01 3.417625366304988432e+01 3.995517590421182774e+01 2.770405802215737978e+01 2.722372015990980643e+01 2.722834700666473040e+01 4.131494432057885291e+01 2.124022415364921557e+01 3.055212040916250515e+01 1.744040847236034253e+01 3.328144123695106060e+01 2.882037448697575499e+01 3.608927100102777530e+01 3.751076894286858732e+01 2.104390564822117682e+01 2.197519089225789557e+01 2.389921120561303880e+01 3.243182803127625391e+01 4.782655158989507527e+01 5.065363196441846583e+01 5.274946715114644036e+01 3.809884449770658676e+01 4.226267413803532946e+01 5.641024677109784591e+01 7.645194396930661185e+01 8.516401546402349254e+01 9.347249989768698697e+01 9.766080071886986502e+01 9.985460704180309222e+01 1.081705698913813052e+02 1.201943445227177421e+02 9.996335570448854924e+01 8.579276239419080241e+01 7.693524824858357647e+01 7.069614268468554030e+01 6.500370291358304087e+01
3.327314952832965272e-02 2.003327314952797522e+01 3.196115454052532101e+01 2.232743054232045665e+01 1.421544976261733062e+01 1.323950494164727409e+01 2.677813186260862111e+01 2.711492201219694920e+01 2.630205476116039875e+01 1.055096224179694175e+01 1.189327440936053115e+01 1.328002516104539943e+01 1.467688670617941504e+01 1.608758088400527697e+01 1.750892676820983596e+01 1.927672379532599223e+01 2.405331248582377413e+01 4.226941785070819435e+01 2.671687186814751414e+01 2.871411406202754790e+01 3.073207313321694656e+01 3.279506442433878988e+01 5.275802413691902615e+01 6.228032396802410631e+01 7.059005314976548107e+01 6.958238636736116689e+01 6.512026920944214226e+01 7.831792470949905294e+01 7.762520280332638833e+01 7.981641722409298723e+01 9.937513245230933023e+01 1.109501494425585548e+02 1.142470004493564772e+02 1.052489803154600736e+02 9.690162030295324769e+01 8.117265122554223922e+01 8.484550135511730673e+01
6.779948344387334846e-02 2.006779948338386887e+01 2.200562782162151265e+01 3.547957757664021994e+00 4.613961339442078646e+00 5.689168000583124218e+00 6.778637421990695522e+00 7.872988732340422402e+00 8.972288152362008162e+00 2.897221895959700433e+01 1.353239192662531387e+01 3.328136665689195439e+01 3.467843112438185216e+01 3.608927100102134489e+01 2.751009869790119922e+01 3.928366213707480625e+01 4.227964490101956585e+01 3.077998982542909090e+01 4.700242123683919715e+01 4.859879037519887390e+01 4.479227012099261174e+01 5.275802413691902615e+01 3.647021012496522019e+01 5.647242807934704700e+01 6.412971485062122667e+01 4.954799194063939183e+01 5.354491915534713087e+01 5.826647704415439222e+01 6.344860157284715285e+01 7.103267552953282404e+01 8.259726405240195390e+01 1.026321444302161581e+02 1.113386352845985954e+02 1.135191663326722136e+02 1.095281805320675375e+02 1.011878103334415755e+02 8.931682678291866750e+01
9.516927588586144779e-03 1.027490124707162389e+00 2.046784507582415369e+00 5.969107214141819107e+00 2.460230618267989655e+01 2.568863198695237671e+01 2.677813152087454895e+01 2.787114953698750952e+01 1.653100256604301777e+01 3.638383889955041894e+01 3.353364697014821871e+01 1.654753857739699896e+01 3.654891713982085832e+01 4.791608351253564280e+01 4.751143923003444058e+01 4.751143923459036955e+01 4.916790278120772939e+01 4.916790278363631472e+01 3.865123299627678932e+01 5.767606736745788965e+01 6.480421122079367535e+01 6.477265708016651047e+01 4.540445659819703650e+01 4.046241137438824609e+01 4.411237753675035123e+01 6.412971485062122667e+01 6.512026920944214226e+01 7.831792470949905294e+01 7.762520280332638833e+01 9.106500085090314656e+01 9.937513245230933023e+01 1.054938550609111303e+02 9.139195536992322388e+01 9.357424058736820882e+01 1.135191663326722136e+02 1.177387183793511838e+02 1.066018631913992039e+02
1.945935296826603253e-02 2.001945935296791035e+01 1.614732192033109826e+01 2.581040866369363229e+01 1.174261381656130077e+01 3.171636710969987050e+01 4.620426100870388808e+01 4.458173321335713979e+01 3.061252474659201539e+01 3.639243922629317041e+01 4.483100858493546781e+01 3.654892599594546709e+01 1.963371067596029107e+01 3.377766373056358873e+01 5.377644251926811592e+01 6.751028119753271994e+01 6.858195787021550416e+01 5.767606736640804854e+01 5.192091946229395916e+01 5.192091946229403021e+01 7.157022349439057507e+01 6.542660498174299732e+01 5.955762438457118435e+01 6.047506578798711985e+01 4.712430091902347584e+01 6.714687083572400184e+01 8.516401546923465560e+01 9.347250069023344565e+01 9.766080071886986502e+01 1.005491149886104267e+02 9.228836133688974996e+01 8.830981303797004500e+01 7.727866081390699549e+01 9.139195536992322388e+01 1.113386352845985954e+02 1.235012765732390534e+02 1.182295538031471125e+02
5.600688922766024203e-02 2.005600688922730512e+01 3.579225728311935484e+01 3.958554311135903703e+01 3.171657470010916668e+01 1.806722946303982624e+01 3.802902140730438418e+01 5.399996802840436061e+01 5.035832610016238675e+01 5.613095376852470508e+01 4.753034401841609480e+01 2.779472302197531874e+01 2.205921739455970609e+01 4.204981615852288712e+01 5.382022631567971871e+01 6.351573683576621931e+01 7.177267016415405010e+01 7.740500874084295901e+01 7.157022349328332211e+01 7.157022349472994449e+01 7.983282784063483462e+01 8.546711757822291133e+01 7.959557749672086402e+01 7.270446272826487188e+01 5.266818852404669826e+01 6.347151291989937505e+01 8.350033818324290280e+01 9.666552263453118599e+01 8.840457413925652475e+01 8.840457413925652475e+01 7.233923702314795889e+01 6.836327167736875765e+01 8.830981303797004500e+01 1.054938550609111303e+02 1.072325739448581459e+02 1.035762664649346334e+02 1.076570007433461456e+02
8.215197286175310309e-02 1.162824525954530941e+01 2.575718966825019507e+01 4.566070110660508163e+01 4.621004521312033120e+01 2.961409625700163772e+01 2.591242727611702179e+01 4.004279411537558531e+01 5.986524511911846247e+01 5.683319404118942231e+01 3.717558913784630903e+01 4.753034276305261585e+01 4.170895632387846774e+01 2.556785832036461770e+01 4.555578179892242474e+01 4.355556103707969129e+01 6.351575308249572061e+01 6.507019738002979636e+01 7.021844666205575436e+01 7.596986149102815489e+01 8.349350176381651067e+01 9.171882954728474147e+01 9.284822919556057741e+01 7.272128999213667555e+01 6.023965090160982072e+01 7.270466834013308244e+01 9.178952488617103711e+01 8.840457413925652475e+01 6.847419631837320253e+01 6.847419631837320253e+01 6.086256843041216058e+01 8.077072904425358502e+01 9.657142721644987660e+01 1.013838462807615457e+02 8.728697788759122034e+01 8.946932874737947827e+01 9.773989538129123389e+01
2.613274238814250472e-02 1.416826836611921792e+01 3.416826836611992491e+01 4.990660516441021599e+01 5.765955635229730802e+01 4.952402293546671785e+01 3.745727756240302853e+01 3.745727756240302853e+01 5.731149115941969541e+01 6.508271602722552984e+01 4.599144813641244411e+01 6.484336863852625754e+01 5.261966122324304251e+01 3.264025296686636324e+01 2.941755114362847223e+01 4.940174593292004346e+01 5.822645057114694112e+01 4.511594998470170026e+01 5.027771100759484568e+01 5.604433991076382426e+01 6.358448000845950787e+01 7.508389943552498380e+01 9.497180700786707064e+01 8.854683044108602985e+01 7.026583925569114797e+01 8.854683044108602985e+01 1.010278766582867007e+02 8.840457413925662422e+01 6.847419631837320253e+01 5.447463115424455538e+01 7.431166883049996841e+01 7.964892168850990117e+01 8.790376758875578389e+01 9.312890771795692046e+01 7.317762977702369653e+01 9.312890771795692046e+01 8.953237631959900966e+01
7.532853315450405152e-02 1.007532853315459143e+01 2.162233391694731210e+01 4.162233391694801554e+01 5.740480951332195048e+01 6.541327130394748224e+01 5.731149115941969541e+01 4.897766388997609255e+01 6.541327130394748224e+01 7.391195578791669618e+01 5.724692604052980727e+01 6.524137038986013692e+01 4.528470940901621589e+01 5.261966975149685766e+01 3.758377493902511901e+01 3.378293218320277447e+01 3.825614518817403109e+01 5.822645057114694112e+01 7.021844666205575436e+01 7.596986149102815489e+01 7.596986149102816910e+01 9.171882954728474147e+01 1.031567122976809685e+02 9.854503651557344313e+01 9.027654913258609781e+01 9.854503651557344313e+01 9.665509350589667292e+01 8.839475352085288762e+01 7.062802341077689050e+01 5.085086136832568826e+01 6.560461922858735306e+01 5.977966253970204491e+01 7.284645080987075971e+01 7.797868267187202207e+01 6.654468599092673742e+01 8.647848173764590740e+01 8.290347875918394038e+01
6.101047412966256744e-02 2.006101047412930782e+01 2.963317780387966849e+01 2.912053826585904659e+01 4.130295796246542039e+01 4.958722920992762084e+01 5.853150111992693638e+01 6.869571092023127790e+01 7.675216314212863722e+01 8.540912562327422108e+01 7.702080515857613818e+01 7.349769461177631058e+01 5.940214315667250844e+01 6.581263064024378195e+01 4.757946439756754131e+01 5.376123585554113760e+01 4.010861599087316876e+01 4.717820190447117312e+01 5.611085175359695398e+01 6.762347288237229748e+01 8.754336644488512320e+01 1.040926114155385989e+02 9.961826653466542325e+01 9.961826653466542325e+01 1.079617134666071792e+02 9.739303561349306904e+01 8.742426747940611165e+01 6.848244617119225097e+01 7.213642265147294097e+01 6.560461638425252318e+01 4.591795828869598495e+01 4.844612862342707160e+01 5.303733945868670929e+01 5.810165734221755685e+01 7.797868222156559170e+01 9.095485500194546091e+01 7.716540120090225230e+01
6.842009524227352091e-02 4.782465303152609870e+00 9.633177803879311440e+00 1.497840264212784511e+01 2.130295796246471696e+01 3.024722987246403250e+01 4.438936549619548089e+01 6.438936549619690197e+01 6.538813463139430837e+01 6.986026597302519292e+01 7.486025913838891199e+01 8.071807858310094730e+01 7.933851197000025479e+01 7.578468038502491311e+01 6.169282513524525058e+01 6.609131491300368566e+01 4.613823600444037254e+01 6.609131491300364303e+01 6.712885702536580368e+01 8.429354669321199367e+01 9.579419641773417027e+01 9.376929827421315622e+01 7.957688308719603754e+01 7.957688308719603754e+01 9.961826653466542325e+01 8.913107671379596297e+01 6.919710142273611098e+01 5.928688857350710606e+01 5.234469310235805040e+01 4.714305043045196442e+01 4.260744520802035140e+01 6.222838446464890438e+01 7.284645080987075971e+01 7.797868267187202207e+01 7.763644226163701489e+01 7.692256913706961541e+01 6.289018488728017786e+01
1.934550753332892059e-02 2.001934550753297515e+01 2.963317780387966849e+01 3.497840264212855033e+01 4.130295796246542039e+01 4.958722920992762084e+01 5.853150111992693638e+01 5.953023183591837153e+01 4.538815072347546931e+01 4.986028660463713180e+01 5.486028647693419202e+01 6.071814284592872468e+01 7.411375541454739846e+01 8.239791012434767481e+01 8.162360483175123704e+01 7.434411005332908928e+01 5.766769247694044509e+01 6.025433107754577122e+01 8.018304045191848672e+01 9.530478762594334796e+01 9.882283929436032111e+01 7.878885697097109642e+01 6.547283412371578493e+01 8.544686839460001693e+01 9.790983341131888551e+01 9.739303561349306904e+01 8.742426747940611165e+01 7.916404962977031801e+01 7.213597829378055337e+01 5.965136520584022151e+01 4.008016142221886469e+01 5.782593052424195434e+01 5.972680996401270903e+01 6.165802362041380746e+01 5.782992426158392618e+01 6.565998350775068104e+01 4.900760601214714285e+01
4.364784840791047227e-02 7.602937308592487398e+00 1.654720921859180294e+01 2.809421460238452184e+01 4.809421460238522883e+01 6.297518798722462208e+01 5.375674030368238476e+01 4.547250910127756640e+01 3.124601525940252600e+01 3.571815121440194929e+01 4.071815121440169349e+01 4.704270653472681119e+01 5.411377434627625149e+01 6.566077952770061188e+01 8.566073521355731657e+01 8.584913632855348453e+01 7.759819715255454753e+01 8.018304045191848672e+01 8.843388902911235050e+01 9.698653798544151527e+01 8.866096639766766430e+01 7.878885697097183538e+01 5.892095802095330015e+01 6.961437074805597547e+01 8.958196872721747184e+01 9.569345504511838385e+01 8.428133206788336906e+01 7.544661455488265744e+01 6.725732433748065375e+01 5.738751763671286454e+01 3.785480056861056397e+01 3.829276820542406057e+01 4.017253762345959700e+01 4.207537319405751219e+01 4.401686720285354681e+01 4.601269422309230350e+01 6.565998350675940287e+01
5.219006137575642884e-02 2.005219006137540205e+01 3.588720855605539128e+01 4.483148046605470682e+01 5.637848584984742217e+01 4.883308823885194982e+01 3.469098849047915678e+01 2.547251256750636728e+01 4.547250910127756640e+01 5.571814493804697577e+01 6.071814284592872468e+01 6.704269429605879793e+01 7.411375541454739846e+01 8.239791012434767481e+01 9.394482218769893223e+01 8.569784998866047943e+01 7.742221285332342973e+01 8.569784998866047943e+01 9.568742769336493836e+01 8.866096639766766430e+01 6.871444991852486339e+01 7.327849324789269758e+01 5.355661071832363263e+01 6.743408983683337965e+01 8.738813122685176893e+01 8.750264903059452593e+01 6.773957686900114084e+01 5.634350223344566189e+01 4.759800507914200551e+01 4.147409939312178295e+01 3.564690346795344311e+01 5.516560944692979973e+01 5.972680996401219033e+01 5.586252740323865140e+01 5.786398350811924018e+01 5.979444700254413902e+01 5.837795330646457614e+01
