LEM/with_lateral_4open/elevation_000510.asc
nrows	100
cellsize	150.0
xllcorner	0
ncols	100
yllcorner	0
NODATA_value	-9999
[rows 68 to 84 of 100, columns 37 to 73 of 100]
5.591304823947584168e+01 5.620775926052402838e+01 7.609403698246414649e+01 7.933131583934820696e+01 6.289395355180301550e+01 7.037200408226338766e+01 5.426361446212889206e+01 7.437790303579221529e+01 8.813300425307390640e+01 1.021674431570561268e+02 8.900063961636473664e+01 7.749344817095318660e+01 6.921801796148487540e+01 5.583373369481645199e+01 7.564582926989744749e+01 7.657949675478069196e+01 5.676145505124967627e+01 5.752274674175266966e+01 7.150775861306101433e+01 9.150288796959073068e+01 8.291438833862308400e+01 6.297313783825794076e+01 8.291438833862308400e+01 8.884308507712127323e+01 7.049908681940540589e+01 8.884308507712127323e+01 1.064816858428484352e+02 9.834082694306957251e+01 8.852876439128731079e+01 1.024146145067019802e+02 1.095339819433265518e+02 8.943611984761825795e+01 7.516371352626836710e+01 7.038801311752915524e+01 5.035198984579377424e+01 3.624994348427765090e+01 5.617161258936706503e+01
4.997636368521134642e+01 6.978652971010066608e+01 8.436778312089754195e+01 7.643546543423717310e+01 7.037200408090259884e+01 5.069431275857208874e+01 7.037200408226338766e+01 7.437790303579221529e+01 9.475372872502737209e+01 9.035899624780496708e+01 8.068850798676291447e+01 6.082140904994740538e+01 4.948178137338161520e+01 6.374396883046295414e+01 7.199326553665220274e+01 6.399305136315655318e+01 4.983607780422524058e+01 6.956806841124570440e+01 8.561922458635606858e+01 8.980988016907045335e+01 7.626730483849327413e+01 5.640867816466577267e+01 7.626730483849327413e+01 8.051481889128969271e+01 6.058144326039475658e+01 8.051481889128969271e+01 8.973797012189174893e+01 9.977331369992877796e+01 1.081528894948519621e+02 1.111223844450241529e+02 1.036404610367619483e+02 9.320202192121075768e+01 7.295841492491946667e+01 5.872709534943629706e+01 6.454218522520432089e+01 5.621713708309720658e+01 3.948464677063710582e+01
4.661167691101563548e+01 6.267265325381088559e+01 7.067597960603572460e+01 5.664625816888619880e+01 6.468482311190332723e+01 4.832853905868660149e+01 6.152046493115508241e+01 8.026048217784807548e+01 8.431934727946871533e+01 6.986743701702555143e+01 8.431934727946871533e+01 7.749321465928787234e+01 6.374431406223721552e+01 4.404586831796049751e+01 5.881931375476787593e+01 4.429309678365689251e+01 6.399305136315655318e+01 6.957648037028029364e+01 8.950877292022074982e+01 8.149571849887642827e+01 6.159430590717778387e+01 5.074749429531192391e+01 7.053461311055457372e+01 6.706084938381133043e+01 5.401739491885206945e+01 6.146519158738452404e+01 7.138907571798800689e+01 9.142703173457645960e+01 1.108286149458678835e+02 9.098988128195927061e+01 8.337837351134469088e+01 8.336810017709397869e+01 7.796899728509683314e+01 6.724349872103421433e+01 4.725300188817204372e+01 4.387365523090843311e+01 5.941186285108835818e+01
4.614819154806495760e+01 4.304191413202747185e+01 5.935074910384290092e+01 4.282888056801028398e+01 4.507117371709190223e+01 6.460180109222405065e+01 7.622279888254077207e+01 8.501022582918049864e+01 7.564978938494449778e+01 5.581162992004530565e+01 7.564978938494449778e+01 8.361901955236857020e+01 6.374410507512624946e+01 5.881945218796835206e+01 3.911803695046470608e+01 5.881958983649146688e+01 7.224721421173283886e+01 7.144155178286723640e+01 7.975942306221311640e+01 8.056462016412773153e+01 6.524628316212249501e+01 4.550582085284538891e+01 6.524628316211635592e+01 4.727921299110298037e+01 6.122420664824882408e+01 8.115175143473264541e+01 8.973797012185774236e+01 9.977331369989192922e+01 1.025914280503452432e+02 8.246881750304304148e+01 7.080107450034392969e+01 6.316033932969298093e+01 5.779631196024819673e+01 5.282881555961244402e+01 6.724347304933542091e+01 5.193861310341752358e+01 6.844155179707337311e+01
6.751092414290448573e+01 5.088700657892679402e+01 3.970897540464390829e+01 5.935074910468518539e+01 6.468482237593340756e+01 7.292663888038319442e+01 7.541118653776385372e+01 6.162446843477103897e+01 6.776491115118136577e+01 4.872297790240043014e+01 6.776491115118136577e+01 8.028184095202007597e+01 6.042686744891563677e+01 4.650957012383623379e+01 3.665654812923025929e+01 5.306628700320361247e+01 5.737533366728656148e+01 5.154891535251390877e+01 7.144155178286440844e+01 7.227118799556838269e+01 5.245824772867383956e+01 4.110194446690282177e+01 6.083218159903602640e+01 4.298331352339888412e+01 5.692068817525336755e+01 7.680320465384461670e+01 8.151136121565625103e+01 8.988370065341072745e+01 9.988627945919142803e+01 9.931228694942232949e+01 8.336711290468740287e+01 8.336810017709397869e+01 6.352739798224759937e+01 7.292717996050893703e+01 8.037864186575852443e+01 6.192076888961785386e+01 7.294608551718944511e+01
6.972316776057138554e+01 5.777432056909228919e+01 3.810278611969323492e+01 5.556641659016555934e+01 6.377470877064595811e+01 7.568616719150726624e+01 6.373329869959519556e+01 4.568700606015995902e+01 6.155344554774475796e+01 4.249806456730583903e+01 6.163506517078399582e+01 7.564502089424890130e+01 7.450311823815344781e+01 6.460588393639120852e+01 4.727964362556711109e+01 3.331722774912613971e+01 3.759001917895523803e+01 5.735361816895323273e+01 6.932881281296401710e+01 7.535633134516770326e+01 5.688613417260962990e+01 3.714102172973529292e+01 5.322919936493402560e+01 3.894744131225658634e+01 5.871048011621130769e+01 6.511377335543876654e+01 6.141903173614942801e+01 7.041541261942239771e+01 8.588670771123898362e+01 9.522233463793759256e+01 1.035547298316634226e+02 9.209012392892721266e+01 7.361608232441935229e+01 9.209012392892721266e+01 9.047510853673399822e+01 7.617615065746559821e+01 7.817124143153947102e+01
7.709128169652571216e+01 6.110654921718846566e+01 4.182291701779544013e+01 3.582503425723658097e+01 4.771846515686623746e+01 6.170741406919962202e+01 5.479461982007596532e+01 3.580017386894969178e+01 5.074884281415456400e+01 3.624173064669199107e+01 4.818406460213017084e+01 6.731274049702986417e+01 7.616694815946776487e+01 7.529809774777992004e+01 6.128889931889069942e+01 4.986256585711198142e+01 3.008050920828541663e+01 4.151824783874974401e+01 6.119725479650463029e+01 5.861043222925489715e+01 4.728965985602952316e+01 3.331189444076930783e+01 3.343946195165991497e+01 3.719983100359809924e+01 4.108626268922926528e+01 4.520193929284442191e+01 5.023464175634062912e+01 5.849129798724857210e+01 6.578358845637563945e+01 8.067006202379123181e+01 1.020491643632490479e+02 1.021939127835540262e+02 9.382640864841808082e+01 1.021939127835540262e+02 1.047722285457912932e+02 9.254703897401667234e+01 7.221675491622985987e+01
5.761175915148339755e+01 5.090513416759299048e+01 4.467563870027008477e+01 5.349913689842782105e+01 3.368386305256058932e+01 5.145610871476633719e+01 4.813510372528400438e+01 2.828477354393077547e+01 2.899576154152350682e+01 4.728086382045390934e+01 5.658547556824537139e+01 6.850361429119632817e+01 5.577681358475035722e+01 6.705538023249258117e+01 6.172529637662935187e+01 4.196646529932154124e+01 2.794691218197000637e+01 4.483062570403844660e+01 5.128550125946338767e+01 3.882769710253926121e+01 4.651651893922987568e+01 2.966716041306574425e+01 4.368061634466305065e+01 5.699828485502364117e+01 5.507036401656541358e+01 5.700304618204200580e+01 7.037180548469176244e+01 5.220299717201124423e+01 8.435889446181289486e+01 9.516001972186406022e+01 9.747272630037714691e+01 1.056908453117850257e+02 1.011843643254946130e+02 9.863597917883937782e+01 1.068024126707440331e+02 1.009878337650277160e+02 9.254706063124328352e+01
7.415320083820077457e+01 5.443568471691605737e+01 6.429444277755840176e+01 6.170976209189725381e+01 5.145741946273194856e+01 3.158463518652035873e+01 3.019937937404242945e+01 4.624230600172424488e+01 2.643059759997910163e+01 3.814399976601465170e+01 5.232515269543197434e+01 5.561608212911514926e+01 4.104284287426877142e+01 4.711355094529563559e+01 6.705538023249258117e+01 5.468468841321672613e+01 3.795898903900445731e+01 2.498502906247161803e+01 3.693061063104796915e+01 2.476125824732664071e+01 2.668118157349532282e+01 4.651651893922987568e+01 5.770677798788926083e+01 7.173293963111535732e+01 7.503809180091715803e+01 7.671297550754795225e+01 8.469631610816509237e+01 8.777313290097133347e+01 9.636599442105006119e+01 9.481919199033706036e+01 7.846729643667711684e+01 9.481121374258762557e+01 8.138820854090921841e+01 7.881478703345217696e+01 9.284060782375910037e+01 1.126274733756896325e+02 1.085274237086234592e+02
6.684136356026613157e+01 7.415320083820077457e+01 7.556743548091617413e+01 5.891324820739557566e+01 3.918441622562490068e+01 4.566710396975739172e+01 5.007737995897906558e+01 4.779074156958547093e+01 2.796559682384317469e+01 2.465248316959575092e+01 4.276576183751678428e+01 3.582614899625289695e+01 3.074387964976782683e+01 4.493125509847052257e+01 6.487588338659297449e+01 6.392645191325834020e+01 5.229154642147826593e+01 4.166720142572240348e+01 2.208312446643914839e+01 4.198841993309341802e+01 4.651651892901679730e+01 3.373525865221215270e+01 5.350682230646143012e+01 6.721384169397907726e+01 7.422379016798971918e+01 8.251774399440897412e+01 9.405386624786159189e+01 1.002745058308633332e+02 8.212985519471766338e+01 8.323506889366025518e+01 6.709154323852209245e+01 7.833422452489105581e+01 6.738387413784948876e+01 8.719235678282031188e+01 1.068024126707440331e+02 1.018336139107083937e+02 1.076281229080569943e+02
8.673511224975706568e+01 8.618241752238365905e+01 6.732203349833694972e+01 4.760168397353547221e+01 5.891324820739557566e+01 6.530162136682858431e+01 5.274026650935677907e+01 3.294123139255744803e+01 4.779078556041066861e+01 4.276568385451154342e+01 2.298379065076257177e+01 2.182911771321251848e+01 4.003566914127775078e+01 4.824840772743090156e+01 5.909947055438657770e+01 6.106336339028666060e+01 5.280409601585692059e+01 4.013760158920644727e+01 2.070277299126021475e+01 3.482927052849333904e+01 5.462774921484033541e+01 5.350682230646143012e+01 4.150331262377007135e+01 4.744553266356782473e+01 5.439666176102493722e+01 6.579625311653650499e+01 8.573601987160918725e+01 8.968710574459930740e+01 8.323506889366025518e+01 6.391028285892054583e+01 5.905505586225721260e+01 5.857490722580804743e+01 6.996044458007960998e+01 8.977302065520404994e+01 9.592917348862732752e+01 8.187899832642156639e+01 8.772356991508839030e+01
8.941165791751541292e+01 6.949798604978394678e+01 5.809781486924414651e+01 6.732203349833694972e+01 7.162749182534986403e+01 5.792252120428084794e+01 3.818651303235567696e+01 5.274026650935677907e+01 4.999418180345706020e+01 3.019636390418706284e+01 3.696779168186998987e+01 4.003775744681770732e+01 2.022408565453504892e+01 3.539462469218042173e+01 3.538965440309294053e+01 4.781429467740618122e+01 3.358065201977132830e+01 3.745856028796807635e+01 1.934354811458679180e+01 3.927975928998095156e+01 5.100548085354324002e+01 5.670452419473894423e+01 6.125347225819108132e+01 6.721384169397907726e+01 7.422379016798971918e+01 8.251774399440897412e+01 8.384898567019776294e+01 6.978722048882166007e+01 8.384812539550510735e+01 7.134757134724409866e+01 5.164252379207655252e+01 7.134850298026277926e+01 8.652786933299145744e+01 9.795770168289166691e+01 8.772356991508839030e+01 6.779727389098610502e+01 8.772356991508839030e+01
9.769297256816402353e+01 8.618241752238365905e+01 7.791449410412678844e+01 7.740409122006900589e+01 5.758502183226591598e+01 4.367871488572475158e+01 5.792299043053981222e+01 5.806293717932266674e+01 3.829860364911329640e+01 4.999418180345706020e+01 5.670659731475394238e+01 3.820080411944051235e+01 2.417798818479592882e+01 1.863251245676394063e+01 1.753914418596767533e+01 3.584762020643589153e+01 3.566344425280066588e+01 1.752321669262748216e+01 3.742344161919748302e+01 2.587205080986996109e+01 3.122236357941430285e+01 3.696245895176831908e+01 5.670452419473894423e+01 7.483144116833244652e+01 8.476215143425596921e+01 8.968710574459930740e+01 6.978722048882166007e+01 5.577815933135485693e+01 6.501197823803629205e+01 6.320794295195444334e+01 4.811848035169449389e+01 5.946639415409371310e+01 7.925542525717818876e+01 9.429252468342299665e+01 7.439420742243365225e+01 6.080636928108653194e+01 8.067856039380174593e+01
1.095185789617903680e+02 1.012184619232999268e+02 8.540320194540954901e+01 6.963442519532542008e+01 4.988748009042820541e+01 6.338989285914669836e+01 7.163064083320135467e+01 6.430783127703926993e+01 4.455974218171267154e+01 6.430783127703926993e+01 6.775533864220349756e+01 4.924429525993340917e+01 2.900563469970914454e+01 3.815165962467131777e+01 3.071266145680766613e+01 1.600917663817271119e+01 1.574619912751645678e+01 3.558662453053817387e+01 4.541978807254325545e+01 4.571822036196085293e+01 4.208908695189351334e+01 5.670452419473894423e+01 4.682946376952139644e+01 5.667386115012239856e+01 7.648530808979043627e+01 8.653205970477098674e+01 7.506556783928667187e+01 6.501197823618245764e+01 4.524538088878031061e+01 4.347778765847972693e+01 6.319539660640328549e+01 7.600815610992231086e+01 8.746081398696318843e+01 7.519345568312273542e+01 6.690505633357625470e+01 5.456415470510583532e+01 7.439530922897644416e+01
1.012184619232999268e+02 8.123185847929268277e+01 7.712794754024511690e+01 5.730195097168220286e+01 6.124064295220546228e+01 7.789282671087846666e+01 7.832974261750253220e+01 5.849976542942624036e+01 5.849976542942624036e+01 7.254981570964282866e+01 6.360985033065617955e+01 4.337958572159997317e+01 4.920192558089802048e+01 3.813322036520307279e+01 2.725968321094903501e+01 3.440606743628434572e+01 1.449812635852827114e+01 2.144114417256377791e+01 4.401928858837703729e+01 5.789553217364689175e+01 6.186601224524714127e+01 7.010660015042468274e+01 6.657958461995643518e+01 7.483144116833244652e+01 8.476215143425596921e+01 7.829904839571699426e+01 5.844500549456036254e+01 4.705706371615070083e+01 3.899617421487337054e+01 5.876146733819245327e+01 6.512347907530967461e+01 7.346801014572564270e+01 8.099334367921804301e+01 6.108104739242386216e+01 4.709054198540370351e+01 6.062860315983769510e+01 5.675050186237030658e+01
1.022937464554386935e+02 8.708579909515587758e+01 6.717009598533427095e+01 6.870700047256376308e+01 8.110054497326217415e+01 8.938113412497506260e+01 8.659986598985946671e+01 7.832974261750253220e+01 7.832974261750253220e+01 8.040325346724694100e+01 7.191965187865356768e+01 6.360985033065617955e+01 6.095222723103648121e+01 4.907415036396901087e+01 4.723227487304477279e+01 3.358623472313840352e+01 1.368448860569896475e+01 3.358626411319701077e+01 3.829974997352088906e+01 3.673929406095786732e+01 5.165605167264049413e+01 6.383420546915106542e+01 7.332245903776028229e+01 8.188328185806378201e+01 8.451921951922368237e+01 7.637629995976040220e+01 7.506556783928667187e+01 5.615220224979746177e+01 3.636473735629477488e+01 5.252106866251119754e+01 4.523636956353225713e+01 5.926268016165860075e+01 7.948880056709008102e+01 7.519345568312273542e+01 6.064603429906520660e+01 4.080699896445933916e+01 3.689202241109609304e+01
9.401870062572176323e+01 9.537521872054149696e+01 8.708579909515587758e+01 8.863117515862204243e+01 9.692187709021420972e+01 9.165354671977485168e+01 8.318709251067409127e+01 7.488963032633466810e+01 7.454662208220857167e+01 6.038115064186213488e+01 6.514378457354300167e+01 7.343833252611278795e+01 7.025799444624240664e+01 4.789364176250316518e+01 3.178452172790817443e+01 2.131793736811855666e+01 1.287014232544361469e+01 3.174946389862894947e+01 1.773035653466625305e+01 2.220270159869609827e+01 3.400377710940099263e+01 5.513719605561378501e+01 5.202591686991492281e+01 7.332245903776028229e+01 7.637629995976040220e+01 5.680759218483943584e+01 6.253186708202780864e+01 5.558824165412042362e+01 5.177495568180524543e+01 3.270344187376583989e+01 4.671311624351426417e+01 6.655259715081632521e+01 7.937487996085229724e+01 8.730152018066311825e+01 6.893958914772942137e+01 5.483910922634604646e+01 4.572008892729185447e+01
