LEM/with_lateral_4open/elevation_000209.asc
nrows	100
cellsize	150.0
xllcorner	0
ncols	100
yllcorner	0
NODATA_value	-9999
[rows 34 to 50 of 100, columns 0 to 36 of 100]
2.064481644892168788e-02 2.002064481644856642e+01 2.726606859929985305e+01 2.526134266307471066e+01 2.683189455814206070e+01 4.350927751599189008e+01 5.654025273844332133e+01 6.484769803445001912e+01 5.506201848048465308e+01 3.513372816740774596e+01 4.245826182977967989e+01 2.979584405911957390e+01 4.391178479685677161e+01 6.381506236774244201e+01 6.832487337006864436e+01 5.080284032539283601e+01 3.065468410011832034e+01 4.311825816750737062e+01 2.631508845970890320e+01 4.634663434966553552e+01 5.847193308950306090e+01 6.017518720088551731e+01 8.046338921003807343e+01 9.012527944725445650e+01 8.943461759395736976e+01 7.770610776407035303e+01 6.070575306751742062e+01 5.693357224458002719e+01 7.730536021733567509e+01 8.610267441459799898e+01 1.063141816677453875e+02 1.005733959595207949e+02 8.056214563083965174e+01 6.643295613822472490e+01 6.045570212454965997e+01 8.044259643420494399e+01 6.980298565927540722e+01
2.905961989428186565e-02 1.417119524362535721e+01 3.417119524362605887e+01 4.533959922581078672e+01 4.675697388648745090e+01 5.488743353062153574e+01 5.480609539573957534e+01 6.064700413946304280e+01 5.654729154493665533e+01 3.662234412512838588e+01 2.249353298087038766e+01 4.245826182977967989e+01 5.799815165737213363e+01 6.131939715732115559e+01 5.283554174850672069e+01 4.916189261173976632e+01 2.936742663879324766e+01 2.298821149713596057e+01 4.311825816750737062e+01 4.264605293682956244e+01 5.687454640752168444e+01 7.714739267610109152e+01 8.412615427073872354e+01 6.980861160002282872e+01 8.107518400781080459e+01 6.070575306751742062e+01 4.902605047665143445e+01 6.931488757118744104e+01 6.573199172627136022e+01 8.272262210543125605e+01 9.181000754684092158e+01 1.034975703755565632e+02 9.471658807542249292e+01 8.642330515208895747e+01 6.801367563009726780e+01 8.799472215365393879e+01 8.393449575350773273e+01
3.542675937824442400e-02 2.003542675937788786e+01 3.986539433276757904e+01 5.645558072441449582e+01 4.817779502598455821e+01 4.894178815886572664e+01 3.482467493573877704e+01 4.067709748306939588e+01 4.129086342374260710e+01 3.302942509034691199e+01 1.849258042986585338e+01 3.846528325680387894e+01 4.693647725521365999e+01 4.878851222078311878e+01 3.245359715941151535e+01 3.336790903327543134e+01 2.624612732284769123e+01 2.084608234865448750e+01 4.101566019135297836e+01 5.447076202133778366e+01 6.305507912384890545e+01 7.209142323862614887e+01 7.575922584136228011e+01 5.544177003624069755e+01 6.290933852056339504e+01 5.914946304349243889e+01 4.475952869287433344e+01 6.498929296847870773e+01 5.399983571838539831e+01 6.307317155402270004e+01 7.486900510848376200e+01 9.519090379243985467e+01 1.095928975444148676e+02 9.628984449638609533e+01 7.953699220737806286e+01 9.628984449638609533e+01 1.039526349202145070e+02
3.411803931810562102e-02 1.158112342311052068e+01 3.158112342244728765e+01 4.491394458668158762e+01 2.818446139010217166e+01 4.067709745041067038e+01 2.068285208452445190e+01 3.675473568675664637e+01 2.842981694701716577e+01 1.304773723890977344e+01 3.050555285903215363e+01 3.152194073894738224e+01 2.678278935651727366e+01 3.047451055103717010e+01 2.473363654623824459e+01 1.659904996215732353e+01 1.786630774798555521e+01 3.805907675217343211e+01 4.189318335224729140e+01 2.285547125235005694e+01 4.298348323308744767e+01 6.235280844108910969e+01 7.072396647442019457e+01 6.290933852056339504e+01 4.270180538767877465e+01 3.898450126026414608e+01 4.196767068574111192e+01 4.501457842909973550e+01 6.524451701534385961e+01 7.558174891508389237e+01 8.103853513682933851e+01 8.103853513682933851e+01 9.468794149813598438e+01 1.029943056460111706e+02 9.954819611861506701e+01 1.078476029230450735e+02 1.049132493444295164e+02
3.327314952832965272e-02 2.003327314952797522e+01 3.601161389713156069e+01 3.663370150768285782e+01 1.663714289077836739e+01 2.509044736755036098e+01 1.312255909108016994e+01 2.702667162574470439e+01 8.412720415523750717e+00 9.396391086425920136e+00 1.042061365044381560e+01 1.147444773682163088e+01 1.253319505728581795e+01 1.361773537463846573e+01 1.483891236018366477e+01 3.507910790423049008e+01 3.807365583625959005e+01 2.014555749306840227e+01 2.177236124161877129e+01 2.341956342209676833e+01 4.351004315398395761e+01 4.214467013587182009e+01 5.081309226787075772e+01 5.261892889811446850e+01 3.562002667822310542e+01 5.576505352397821014e+01 6.215948030302411809e+01 6.524451701534385961e+01 5.018018764924985220e+01 5.520660020834103676e+01 6.062111066218917443e+01 6.708137289168801942e+01 7.433864258592839747e+01 8.614827082908090006e+01 1.063533485720178788e+02 1.081887856717270608e+02 8.812732360010141974e+01
6.779948344387334846e-02 2.006779947983535095e+01 1.601161556934988184e+01 2.280401780863503092e+01 2.366150069591054361e+01 5.089972715075772314e+00 6.052100400029101657e+00 7.026576537782906584e+00 2.694173728873014539e+01 2.929603732970891983e+01 1.500962976249726566e+01 3.063958079481373176e+01 1.706963300787311866e+01 3.386522504880384332e+01 1.665517120751031044e+01 4.138440954339221634e+01 4.029975583298216435e+01 3.439253231152954271e+01 3.602011812602461305e+01 4.351003941216558246e+01 2.575954888117144037e+01 4.584958666123512216e+01 3.068909851665992861e+01 3.248936493241337331e+01 5.261892889811446850e+01 6.415094043443072280e+01 7.728385963963334859e+01 7.887941817479692475e+01 7.048796173839809853e+01 5.879311570772348006e+01 7.918167087087972789e+01 8.749337787152899182e+01 9.468794149813598438e+01 1.029943056460111706e+02 1.146163505075250129e+02 1.164938250800655055e+02 1.049132493444295164e+02
9.516927588586144779e-03 9.389957522689319491e-01 1.869479962667401907e+00 2.804018589699395658e+00 3.741633051619995598e+00 2.374264734337007354e+01 1.605726488412414454e+01 2.467767455787686259e+01 3.502472551717428217e+01 2.187031727607670817e+01 3.479813028750667314e+01 3.997727951949133285e+01 2.159023653458544700e+01 1.944906008547538434e+01 3.766605683876347399e+01 4.913582798052839706e+01 6.049929133311577800e+01 5.460296421683886336e+01 5.658431645843925395e+01 4.533292355442326738e+01 3.699632911398938262e+01 2.816278596119287059e+01 4.828079894937005889e+01 5.261578146364148978e+01 3.709698082479292225e+01 4.866658148666266470e+01 6.890504029576634082e+01 8.229521635273985680e+01 8.754992129239145982e+01 7.918167087087972789e+01 6.970073422262541385e+01 8.150607577361517997e+01 1.017660037022178443e+02 1.094439556600733994e+02 1.010939237515737830e+02 1.057440323758104910e+02 9.739038101189184715e+01
1.945935296826603253e-02 2.001945935296791035e+01 2.186947945763706969e+01 2.280401780970453629e+01 1.216444282142010280e+01 1.431729254401208351e+01 3.313972950141716467e+01 4.056588109106071016e+01 4.638594406398316750e+01 2.686835954942383609e+01 4.642720581101269772e+01 3.013739644899017378e+01 4.043666395366986421e+01 3.848364796369761365e+01 2.248798594528533812e+01 4.210162621816351702e+01 5.427992937148635377e+01 6.852637289603976001e+01 7.331223836635604130e+01 5.874282858339143587e+01 3.864380633907660467e+01 4.828349165016744848e+01 4.526521699944012767e+01 6.558877026873568639e+01 5.722036066227665430e+01 4.209109012792246318e+01 5.367211007547472690e+01 7.392779188466857931e+01 8.937101996406953219e+01 9.839553748589754889e+01 9.006892885887671696e+01 9.839553748589754889e+01 1.100475424734270433e+02 9.778365321776126962e+01 8.088216442988023402e+01 9.564365400979255583e+01 7.717584823516610015e+01
5.600688922766024203e-02 9.000278799226739679e+00 2.900027879922638263e+01 3.949820412628127286e+01 2.476596926644697660e+01 2.811356560437597452e+01 2.837111596390485602e+01 4.802953297287734813e+01 5.180868262463331320e+01 3.240549408838596435e+01 5.180868262463234686e+01 4.966266205599692540e+01 4.044147136076291815e+01 5.008717486186978363e+01 2.312386228490299800e+01 2.580976950722601160e+01 4.003297842629712022e+01 5.838210712972431793e+01 7.264005163126110176e+01 6.727797998847744054e+01 5.014634055123494250e+01 6.730126265330306978e+01 6.182324402685548392e+01 6.928947924548998571e+01 4.915443605231894963e+01 6.223316853951147465e+01 5.062572621392848760e+01 6.070568173046509486e+01 7.507824375422347885e+01 9.535826810280978805e+01 1.006268110736541530e+02 9.227496356741119143e+01 1.006268110736541530e+02 8.942465906639806406e+01 6.923515023155465542e+01 7.776824070579486659e+01 6.709901901543457825e+01
8.215197286175310309e-02 2.008215197286139642e+01 2.533021041778097171e+01 4.533021041778025761e+01 4.566076281513356605e+01 4.774343891828462461e+01 4.802953297287734813e+01 5.627858263937159222e+01 5.787450873054284273e+01 3.869267983325965332e+01 5.787451004844611191e+01 6.875871163184044121e+01 5.019197550019711684e+01 6.820381667748434040e+01 5.377348695771888032e+01 4.593133171286326899e+01 2.995672597444533736e+01 4.412219706025231147e+01 5.986972778920362259e+01 6.823308416866214543e+01 7.062494978280324176e+01 7.913640821916877144e+01 8.556240364431059220e+01 7.290532386054566416e+01 5.449621107903364248e+01 7.461237671648110847e+01 7.086190354688065440e+01 6.339777190701751408e+01 8.370587688588766184e+01 9.987802247909876030e+01 9.053906556822232687e+01 7.209435805855446233e+01 9.053906556822232687e+01 9.204678560907855456e+01 7.185387375590160275e+01 5.763978688356937852e+01 7.413637966863986151e+01
2.613274238814250472e-02 1.416826836611921792e+01 3.416826836611992491e+01 5.361448166521444847e+01 6.274212251737758095e+01 5.464815175878599263e+01 5.571837001275072510e+01 6.381582013079274418e+01 6.562296057174880559e+01 5.238400826829236934e+01 5.238400826832315005e+01 7.112975406026630765e+01 6.444882828255914831e+01 7.891319068670344450e+01 6.010032580369120581e+01 3.995656232217647386e+01 5.002844406293383628e+01 3.473087682772209206e+01 3.972670433834353076e+01 5.986976255552661286e+01 7.577657578791026083e+01 8.412561268404013504e+01 9.107341734199385996e+01 7.091284225812850650e+01 6.452840516887292210e+01 6.870595015482305712e+01 8.887175182679662555e+01 7.777207710506299065e+01 9.204992471526725240e+01 9.152747498259911652e+01 7.136254770467496655e+01 6.204122506339373899e+01 8.218466081298284109e+01 8.791719390128956491e+01 7.310200676791541241e+01 5.304920403599184908e+01 5.403068998415445634e+01
7.532853315450405152e-02 1.172265245159800706e+01 2.672552377961141445e+01 4.920506546120596170e+01 5.144457232505006061e+01 3.506889609607851099e+01 3.615287315728799200e+01 5.002591821660184479e+01 6.946116434216821744e+01 7.112975390978914447e+01 7.112975407117325233e+01 7.886199739077039794e+01 8.496004531945654037e+01 7.439583841634726014e+01 5.417893059845343373e+01 5.417893059845343373e+01 5.958113137114518310e+01 3.944062167529497742e+01 5.958113102287173035e+01 4.791028481304299902e+01 5.552071943431977274e+01 6.721676218575825601e+01 8.746949862010953325e+01 9.107341734199385996e+01 7.617033409514274922e+01 8.887175182679662555e+01 9.717765961537793373e+01 9.803133679316127314e+01 9.523468429735589780e+01 8.515347993888929068e+01 7.506288080551784958e+01 5.495700438943980259e+01 7.506288080551784958e+01 7.985479956037397642e+01 6.022263101155174780e+01 4.868244883271479040e+01 6.876290807405851524e+01
6.101047412966256744e-02 1.445221696812297552e+01 3.562960178342461148e+01 4.118812356933290886e+01 3.521898059278404247e+01 2.344175668815258362e+01 3.761748949351688509e+01 5.716923521529054142e+01 5.739786363311873174e+01 6.121494033318894168e+01 6.435565064951842373e+01 6.955257466296599489e+01 7.803955417084922885e+01 8.274184455208749966e+01 7.439583841634726014e+01 7.439583841634726014e+01 6.479303301378436686e+01 4.460727234944636166e+01 5.886279137520028826e+01 6.812058171587489142e+01 6.440644476229532245e+01 8.412561268404013504e+01 9.579099395525580007e+01 1.046317533410430940e+02 9.634310021189631357e+01 8.991419222375067477e+01 8.991419222375067477e+01 9.825551427400138493e+01 8.688146987657421505e+01 6.672073243975965795e+01 5.668605759596956517e+01 4.960812229425837927e+01 6.376772557112447970e+01 7.057393897354945977e+01 6.223405750360070243e+01 4.595966979288052556e+01 6.602629102961634544e+01
6.842009524227352091e-02 2.006842005180900657e+01 3.139179985597019140e+01 2.792098312542314531e+01 1.514014003854799384e+01 3.339379487644100664e+01 3.633174799474890904e+01 3.989164441769503355e+01 3.781647555959101226e+01 4.175159175465055483e+01 4.597461085310094830e+01 4.898578089453741313e+01 6.429718589574748933e+01 7.243111915439992288e+01 8.218357311318104053e+01 7.910870434307479115e+01 5.886278005877209551e+01 5.220040729480154340e+01 7.244462996790562670e+01 8.744887775825269216e+01 8.464659599411901070e+01 9.297428178398615728e+01 1.069437927344959149e+02 9.376639558376895422e+01 8.406573338528656336e+01 6.987595249657144336e+01 6.987595249657144336e+01 8.991419222375067477e+01 9.523468429735589780e+01 8.515347993888929068e+01 7.680110115816351879e+01 6.376772557111993223e+01 4.371148183550274524e+01 5.910283753390122996e+01 4.218446702293175576e+01 4.772790307001458388e+01 5.350487363801958196e+01
1.934550753332892059e-02 1.490250600703562789e+01 2.278893880633555113e+01 7.784549267092225833e+00 1.048053690544725569e+01 1.322993718652904249e+01 1.616292232293304565e+01 1.975382920979932777e+01 2.350460963649973323e+01 2.756332853845464470e+01 3.230054572506021060e+01 3.794545158908464799e+01 4.495143279844047868e+01 5.459946780332606409e+01 7.399490398816891457e+01 8.744064257363174875e+01 7.910728739759596806e+01 6.651341672894956503e+01 6.873068405236050182e+01 8.896979422437519247e+01 9.509696671311800742e+01 8.673408759883905361e+01 8.673408509829664581e+01 8.543276136880278671e+01 6.544781143928126710e+01 5.585531471108856039e+01 7.574501702962052718e+01 8.991878654537549664e+01 9.093129519428372021e+01 8.256479517877944829e+01 7.587725018060848470e+01 5.982605819145811665e+01 3.980809340674667851e+01 3.908277410868694091e+01 5.910283753390122996e+01 5.112904637749888792e+01 7.121818416727813883e+01
4.364784840791047227e-02 2.252283386306433322e+00 4.474557414952879952e+00 2.479239430210808948e+01 2.589519060215945245e+01 2.325874293817732763e+01 3.553861356534259386e+01 2.450893325300574688e+01 4.355173134128190071e+01 4.659533482329758414e+01 4.247452360620575007e+01 5.442526774841010706e+01 5.503391788554811370e+01 7.243111915439992288e+01 8.218357311318104053e+01 7.515523000605337245e+01 8.348484393775291323e+01 8.676384541072015111e+01 8.896979422437519247e+01 9.319785586545987144e+01 8.483591393096617139e+01 6.649246266968259533e+01 8.605079665408966605e+01 8.323484164423327059e+01 6.326656056279657037e+01 4.927028999331734127e+01 6.163743074264855437e+01 7.577810864401205038e+01 7.923747818055264247e+01 6.228741036516591834e+01 6.761606418211819403e+01 4.756747423860370816e+01 3.608412396581870496e+01 5.604980648356566064e+01 6.743884617676428661e+01 7.121818438010151908e+01 6.184498935587964041e+01
5.219006137575642884e-02 1.971575957955865022e+01 2.522351027688490177e+01 2.148985313449078305e+01 3.980597102189965852e+01 3.699065094826935507e+01 5.031334672344443248e+01 3.466848644912367661e+01 3.535288937638473783e+01 5.497874406778806389e+01 6.102213129501222255e+01 6.736919016694248796e+01 7.553346066737852027e+01 8.436848634747630626e+01 7.193987814452782459e+01 5.522135573727297952e+01 7.193067900077441834e+01 7.153134846369363231e+01 7.974376304659658388e+01 8.483591413315585328e+01 6.460975501686226607e+01 5.746460942480216261e+01 7.768158242246538236e+01 7.807917907100973309e+01 5.815584554201591061e+01 4.414407290484435009e+01 4.762168668150952300e+01 6.581354349424393035e+01 7.085718511539523945e+01 5.055293705025799511e+01 5.913449049747423913e+01 5.421952951377996754e+01 3.430112208370204030e+01 5.421952951282838029e+01 6.710600498729294827e+01 7.588990994912553845e+01 8.198171926999279435e+01
