LEM/with_lateral_4open/elevation_000200.asc
nrows	100
cellsize	150.0
xllcorner	0
ncols	100
yllcorner	0
NODATA_value	-9999
[rows 51 to 67 of 100, columns 37 to 73 of 100]
9.516879836273284354e+01 9.569542804265230984e+01 8.353524004628518185e+01 6.353286633750095547e+01 6.939142589915297776e+01 5.210730420466637725e+01 5.445248579619640594e+01 7.464418070093049096e+01 8.062231894328630233e+01 6.510468013813758148e+01 6.845032877348009492e+01 7.365608904518624911e+01 9.337192810590900649e+01 1.083275529913925226e+02 1.165591935058787669e+02 1.222888958542480822e+02 1.021932304448165496e+02 8.798155326526894271e+01 7.789137901910994799e+01 6.956791455299017457e+01 6.081179969962757070e+01 6.724924155043305518e+01 8.735561426782034289e+01 8.786582536971744162e+01 7.891176428379672814e+01 7.891176428379672814e+01 8.082725014154097209e+01 6.655447522729905074e+01 4.643120399147029786e+01 3.971606491024027719e+01 5.395125148860753228e+01 6.762148135815233729e+01 6.404994879318643086e+01 8.390807109131343111e+01 7.213060166995578015e+01 5.202671760420839320e+01 5.676920311530899710e+01
8.005493852128347498e+01 7.645479106625154486e+01 7.485121597986723430e+01 6.659337773962312212e+01 4.911764217290752299e+01 6.939142589925128846e+01 7.464418070128387228e+01 6.622299429699357631e+01 8.614773525951828503e+01 7.668607295211958785e+01 8.828132070637634854e+01 7.497437746087992139e+01 8.381963707633438787e+01 9.766990762181744401e+01 1.174110093461399060e+02 1.188094496244580967e+02 9.871659048636040268e+01 8.711081102656000041e+01 7.886947780473238367e+01 9.039234140142407625e+01 7.551397010161325341e+01 8.735561426782034289e+01 7.996619014949079940e+01 1.000710339503410609e+02 9.901617504161495731e+01 8.146128496437219724e+01 6.725495780470362206e+01 5.719718941468875784e+01 5.843093656092934651e+01 3.830173783164369894e+01 5.644028579225143005e+01 4.787406150831439078e+01 6.765011694859319391e+01 8.186934250339197661e+01 6.739207074754737903e+01 4.727398654299005187e+01 6.739207074754737903e+01
7.094584207543111631e+01 7.658297657125946500e+01 5.652818249928920835e+01 4.630877908351581596e+01 6.659337791730875722e+01 6.353286633743647371e+01 8.353523984935495150e+01 7.779666382717570627e+01 9.434432501334072185e+01 9.063535509188916706e+01 1.001153016743487711e+02 8.048958985316815529e+01 1.001153016743487711e+02 1.034519424487780412e+02 1.232399240984439786e+02 1.271413334515729190e+02 1.072088319922882107e+02 9.531590641973726008e+01 9.900384929132268041e+01 1.043108658681059211e+02 9.598174782692817075e+01 1.043108658681102128e+02 9.418423058360087907e+01 1.083989614224084050e+02 1.098722299397313975e+02 9.566675745205185422e+01 8.562166935387492117e+01 7.729974106852496618e+01 6.676283535355558740e+01 5.644170042104146034e+01 3.631837307757856337e+01 4.932440738886599974e+01 6.824705176588922484e+01 6.765342662422894193e+01 5.343751074507737542e+01 4.359230737445924575e+01 4.967145581424986744e+01
6.270288240889019704e+01 6.840064851042697569e+01 6.203467197696978275e+01 4.440777038480410965e+01 6.468545975491028344e+01 8.353523984935495150e+01 9.174359808264179605e+01 9.755551098495006102e+01 1.057605225190862939e+02 1.103410508584036478e+02 1.083180471026704339e+02 1.001153016743487711e+02 9.028749960668201879e+01 1.041393600472175791e+02 1.239545804825334301e+02 1.356429103591430305e+02 1.237440469546270947e+02 1.154133132704126297e+02 1.189238335615681024e+02 1.106353008760748651e+02 1.080337113306902950e+02 1.163247803714060638e+02 1.142830344773485933e+02 1.062986190781303293e+02 9.626396175025998048e+01 8.795121212452481529e+01 8.121191863403961975e+01 7.507965500796390756e+01 6.943726836569192074e+01 5.507178847681737466e+01 3.495440680487536866e+01 5.315048777832925708e+01 6.147929729375209718e+01 5.526019288053505818e+01 3.919726637778918388e+01 5.343751010841233295e+01 6.978281280747096105e+01
5.599270395888260055e+01 5.791578767647055059e+01 4.177438539602165690e+01 6.203467002785995987e+01 6.468545941661449206e+01 8.470434293427739192e+01 1.016216757706949068e+02 9.326029864598319818e+01 8.872724448070940184e+01 9.414225586947945601e+01 1.025038400014154547e+02 1.181792809751941462e+02 1.099431037420153672e+02 1.063040135968584394e+02 1.261351980159544013e+02 1.313972439073158682e+02 1.216876735286956688e+02 1.134013230575974092e+02 1.106353008760748651e+02 9.057255219754514997e+01 8.796804805368873303e+01 9.857466696277218432e+01 1.068725383139729530e+02 9.798610214460084933e+01 7.791632210444880968e+01 6.773333165306897286e+01 6.087350107080227701e+01 5.473574065325917815e+01 4.923896905977408522e+01 5.653917406568351822e+01 3.674041889653018700e+01 3.303694696847272638e+01 5.135147794976555957e+01 3.513885265224776333e+01 5.526019288053505818e+01 6.765303063627706592e+01 8.186603166266094433e+01
3.775283653189995903e+01 3.919009201241741636e+01 4.157534476940916335e+01 6.194161630848621058e+01 6.544144664035034964e+01 8.578462634977637435e+01 8.993409317986633766e+01 7.299306209652900179e+01 6.845239914474788634e+01 7.388113850722315590e+01 9.414225586947945601e+01 1.103596278825258139e+02 1.186950559899127597e+02 1.261351980159544013e+02 1.284786710780286683e+02 1.184580969149960623e+02 1.030737392416312730e+02 9.334229556426987529e+01 9.702319583958784222e+01 9.644879516708850531e+01 7.637493385513280941e+01 7.850230994826321762e+01 9.529044108360247378e+01 1.062986190781302014e+02 9.626396175025998048e+01 8.795121212452481529e+01 7.647766987048709098e+01 5.613831636155740767e+01 4.860544317409483028e+01 4.214945373936703987e+01 5.653917404437576977e+01 5.135147794976555957e+01 3.124993745467095607e+01 5.134921144063431342e+01 6.357936295227320045e+01 7.709652555430750454e+01 8.542200150398832648e+01
5.798651716366794773e+01 5.721520350610525441e+01 6.194161632324536981e+01 4.503410467563133324e+01 6.544144672308941324e+01 7.222108794648288210e+01 7.581182964133499524e+01 6.123967376458187317e+01 7.142406552222699645e+01 9.169394281462490426e+01 8.294484330001840533e+01 9.011240315838219317e+01 1.018221304484002445e+02 1.220220662622859891e+02 1.201983536621616935e+02 1.001362073097769212e+02 9.010371601997795210e+01 8.300635646277368096e+01 7.694953764482902159e+01 8.992608583632464558e+01 8.573937853601645998e+01 6.690722451690874095e+01 8.698588623717516555e+01 9.162388526473355910e+01 9.993328309432480694e+01 9.076277482485622272e+01 7.056058565846419128e+01 7.647766987048709098e+01 6.879011665471458059e+01 6.206188787625520575e+01 6.001970455215600708e+01 5.020419483128421945e+01 3.011124005171649642e+01 5.020422140532687649e+01 6.288187497880216625e+01 5.699401050618761388e+01 7.709652555430750454e+01
6.089668192091255605e+01 7.961097067210329215e+01 7.384360461238858875e+01 5.947475734932370983e+01 4.871417233410912928e+01 5.179849544690931396e+01 5.543238339685773752e+01 6.458917257190171313e+01 8.488127526363430775e+01 9.169394281462491847e+01 1.032011529312009372e+02 1.103596278825258139e+02 1.186950559899127597e+02 1.303356527071510413e+02 1.284786710780286683e+02 1.184580969149960623e+02 1.101672804859692434e+02 1.015136366371346384e+02 8.144340976422142830e+01 6.984734299194285256e+01 6.566055913145227407e+01 6.172131490973963963e+01 7.741972104759797446e+01 7.154030597326789120e+01 9.161913166109125939e+01 9.908188526894024051e+01 9.076277482485622272e+01 8.541380508570119900e+01 7.709706990313456743e+01 6.001970478217995009e+01 3.989585556025723179e+01 3.432531221750122796e+01 2.897796016931622276e+01 3.565294494670473568e+01 4.276101731141949358e+01 5.699401050618761388e+01 7.709652555430750454e+01
7.455357817660545550e+01 8.851054145644779680e+01 8.808847389690735952e+01 6.828924110317601048e+01 5.383825433619407619e+01 7.174273865506158643e+01 6.146618300898315823e+01 8.190932134585315794e+01 8.116043220640109723e+01 1.013476779388283404e+02 1.202491298542527858e+02 1.171859485904036546e+02 1.171859485904036546e+02 1.255170265149527751e+02 1.275446667956609019e+02 1.167934710031834840e+02 1.085068024852222663e+02 1.098097055155801485e+02 9.822922156238472269e+01 8.992608583632464558e+01 8.573937853601645998e+01 7.741972104759797446e+01 5.733196113331545973e+01 7.153280430168166504e+01 9.147932128032829269e+01 9.866376258011985101e+01 9.130087042618328041e+01 7.121369010227716956e+01 5.699864886231239325e+01 4.938861541865335880e+01 6.001969821772446778e+01 4.796393195599974035e+01 2.788502917103248180e+01 4.642473497913949387e+01 5.475225859458285527e+01 6.131317981665164751e+01 6.963913119167996513e+01
9.314501936864387233e+01 1.024675047362899818e+02 9.694035778592649422e+01 8.101630030127530802e+01 6.067693770285706734e+01 6.825787022973391061e+01 8.159681160117985144e+01 7.325895029112270151e+01 9.385683021048659214e+01 1.096705690078418485e+02 1.112399080993021414e+02 9.696278968365156459e+01 9.696278968365156459e+01 1.171859485904036546e+02 1.190906985660780322e+02 9.922440527253186815e+01 8.844813868964629933e+01 9.212897207815569800e+01 9.844597000911976181e+01 9.416723730696301686e+01 9.015285069440753318e+01 7.460628351212785958e+01 5.450800114744644986e+01 6.872526873242379963e+01 8.877364863553080454e+01 7.859486794879418881e+01 9.277393355597787661e+01 8.541381076082933532e+01 7.709707005095978616e+01 6.950039381288824814e+01 5.922745444462174191e+01 4.174772373184001140e+01 4.621991998625770037e+01 2.635075081317675227e+01 4.489708273449070219e+01 4.120764910700854244e+01 5.761035162660497377e+01
8.492608581149960401e+01 1.016088409471263105e+02 9.535712895972456238e+01 7.507613457527678236e+01 7.244179121515344377e+01 8.827880695663728261e+01 8.817673566227682613e+01 8.504936057339115507e+01 1.021111439544466180e+02 1.196468971738770080e+02 1.028860149067503187e+02 8.259039500587908833e+01 1.028854475754805406e+02 1.171747656185199702e+02 1.108054731387475442e+02 9.074647518855880435e+01 7.915548956373369549e+01 7.205417623345360312e+01 7.837688617927938139e+01 7.409530777186523665e+01 7.007786234636216705e+01 7.189623135130709386e+01 5.178358363746870197e+01 7.189623167092476308e+01 8.273848765211796774e+01 6.438740078618322116e+01 8.273030894196794804e+01 8.253659245146401702e+01 7.391261508800157287e+01 8.236478768156369767e+01 6.943434925293226456e+01 6.122327558687705107e+01 5.466982561553896147e+01 4.489708273449068088e+01 2.482513579625911859e+01 4.339545236025027464e+01 3.750744829635885225e+01
7.353752047878664655e+01 9.339211214302886788e+01 1.037208787763142368e+02 9.535712895972456238e+01 9.272929753789823337e+01 1.010969098863510567e+02 1.075030499996311733e+02 1.053038354275986990e+02 1.134901949531657550e+02 9.945172680878683025e+01 9.646753481305449895e+01 7.617324663944773988e+01 8.861360462981618014e+01 1.029001316661944543e+02 1.119480872132432694e+02 1.075192178276798813e+02 9.922440527253186815e+01 8.425499212490231571e+01 6.417649707262609127e+01 5.989149325744257624e+01 5.586414893890798083e+01 5.245194971240188409e+01 4.912720716843571012e+01 6.635006970183805208e+01 6.437480221607383157e+01 5.431954055391837954e+01 7.443004366835343433e+01 7.115568021532747878e+01 5.246765694255928025e+01 7.117014218335138764e+01 8.314666980999757584e+01 6.811763297818819751e+01 4.800498055655730667e+01 3.639973510252023914e+01 4.339537283483891628e+01 2.332661959311330691e+01 4.191057063589934018e+01
7.463376450710697441e+01 8.868503866012636649e+01 1.084788178513858838e+02 1.090429442542556444e+02 1.006895105137135431e+02 1.090429442542556444e+02 1.106715595084773724e+02 1.023278619764705724e+02 1.023278861794643575e+02 9.611560860789236926e+01 7.917732301209655077e+01 7.033934755042055542e+01 7.426857258908725612e+01 8.333593948881477331e+01 9.769523191263843387e+01 1.179042410802173038e+02 9.844600189695057679e+01 7.837688620903479375e+01 8.425498407741488904e+01 6.857876369308073095e+01 7.007786234558227534e+01 7.256125775396104416e+01 6.046441230502776421e+01 4.620621479478400317e+01 4.422329267740390435e+01 6.170556167716797091e+01 5.984211450572730939e+01 6.259989347084245992e+01 4.198566095588176950e+01 6.239854032077443691e+01 6.394221332567029492e+01 7.645002394736140161e+01 6.483549224278498002e+01 5.650512993093923342e+01 5.170373679450749904e+01 4.191038483517871072e+01 2.184996159975622021e+01
9.448250235993707236e+01 1.027006773715589389e+02 1.089880990527881437e+02 9.892204619762574680e+01 8.041672166409242095e+01 9.892204619762574680e+01 1.023278739771295278e+02 8.206984406218903416e+01 8.206984407557118288e+01 8.774644458651873435e+01 6.750263371461923612e+01 6.475977333480562947e+01 7.641764417796997577e+01 9.669349038131089458e+01 1.119480872132432694e+02 1.141233577992792334e+02 1.067410474885012945e+02 9.844599964197475117e+01 8.497382046813621059e+01 8.865503994484765826e+01 9.015284970256384156e+01 8.886253549662190210e+01 7.466405056018513164e+01 5.785509185675172006e+01 6.170566943767981627e+01 4.154824107022932367e+01 3.968514175626788898e+01 5.537173436546769523e+01 3.524662269392540281e+01 4.459406216403390033e+01 6.138712145782042739e+01 6.393385147870840512e+01 6.258506294185520602e+01 5.349791477447239885e+01 4.354241213279123457e+01 2.347659570219141045e+01 4.069636856219962340e+01
1.072905320953418027e+02 1.089880990527881437e+02 8.873762483313552707e+01 9.055311566804572010e+01 7.029923785402533554e+01 8.742571988531072691e+01 9.575780137627813815e+01 8.800328723423866961e+01 6.776757024137037888e+01 7.788543018019102249e+01 5.930714579105076467e+01 7.948199573017424768e+01 9.336112326021266483e+01 1.050504067552703731e+02 1.081563910532163533e+02 9.387178301298452254e+01 1.081563910532163533e+02 1.133222852969347798e+02 1.050345572833224708e+02 1.054718571100665088e+02 9.717686008365539863e+01 9.013976734383344080e+01 8.626104446389581426e+01 7.795442506171252717e+01 6.413739757111103756e+01 4.403812904053916100e+01 5.760491249856231377e+01 3.744990470407968530e+01 5.324731625440085736e+01 3.311774899822975726e+01 5.114563209282255940e+01 4.380697380359763571e+01 4.238211525753458631e+01 4.518743240509365222e+01 2.511693521787006489e+01 4.300664425436389138e+01 4.529639878725438962e+01
8.702548369616961565e+01 1.013270931707180011e+02 9.245365609027669507e+01 7.219375219580911107e+01 6.318687086466092495e+01 6.720765007740571662e+01 8.411426594156803560e+01 9.172206450344077666e+01 7.151099326077245166e+01 5.772768904943723101e+01 5.593173354704396161e+01 7.014519264980903301e+01 9.038002143454735915e+01 1.027609983380564955e+02 9.909249882565720213e+01 7.949384714783201389e+01 9.909249882565720213e+01 1.084593034138717798e+02 1.087141792422082318e+02 8.873095418260223255e+01 7.727295575680825834e+01 7.023072381987489621e+01 8.123617253135722649e+01 7.653258056762460626e+01 6.727223383828540193e+01 4.719513892223673679e+01 6.591872136263518200e+01 5.761840681795954566e+01 6.158176560122948473e+01 5.114672173568271774e+01 3.103420102663801572e+01 2.960126827858371001e+01 2.818222930359825540e+01 2.677166008078069126e+01 4.518208687663153000e+01 5.323689808854269501e+01 5.122828483510343034e+01
7.269305572091070644e+01 9.227221547592290563e+01 9.367810580269541276e+01 9.004987646325818673e+01 6.983027335644753464e+01 5.561947290938088173e+01 6.968405623352772693e+01 7.596935746184435345e+01 6.760783878069790376e+01 5.141826863395349534e+01 7.151099253286812996e+01 8.444439011739949308e+01 9.679095494850629677e+01 8.247627910951267438e+01 8.993181541154720549e+01 7.041147661214826314e+01 7.981681130265347690e+01 1.001078139822871691e+02 1.170213077047504413e+02 1.054718571100665088e+02 9.717686008365539863e+01 8.123617253135722649e+01 6.128052172929103847e+01 5.653752951999787513e+01 5.202639892511587050e+01 5.882395855258794626e+01 7.554884191550425498e+01 7.436345655644466035e+01 5.426529860362879276e+01 4.263779417758451018e+01 5.085599811256124525e+01 4.968413463132492325e+01 2.989299438913677065e+01 4.684111817269698008e+01 3.679506320144545128e+01 5.689878576160686663e+01 5.975275570132719594e+01
