LEM/with_lateral_4open/elevation_000554.asc
nrows	100
cellsize	150.0
xllcorner	0
ncols	100
yllcorner	0
NODATA_value	-9999
[rows 17 to 33 of 100, columns 0 to 36 of 100]
5.222468517465790605e-02 2.005222468517430201e+01 3.001766589122049567e+01 5.001766589121978512e+01 5.191212830885381635e+01 6.019639991015502289e+01 6.380879796128130721e+01 4.361526657686160036e+01 4.732084862904589784e+01 3.660655425451782463e+01 2.680068145660972689e+01 4.706274055152435665e+01 5.028990088140164971e+01 5.221038007941380243e+01 6.833432457308107644e+01 7.663308431781452157e+01 8.666138739742018515e+01 8.181660508408475607e+01 9.010442528806767370e+01 9.360811530735229269e+01 9.048048135009983639e+01 7.064757338304931977e+01 5.679594687294336808e+01 4.944574922638710746e+01 4.293000928118017612e+01 5.043299697554346750e+01 3.072704313044171798e+01 4.623167319046541479e+01 2.997214149656954163e+01 3.598165992132548041e+01 4.256304397099687975e+01 5.637213405922961584e+01 7.603284420497942619e+01 8.186356232149817913e+01 6.193784160945801176e+01 5.186513467340481753e+01 4.461351312390679880e+01
7.333276091007127906e-02 1.497387067214214618e+01 3.659780221372557918e+01 5.035627278681261032e+01 4.740625232286803481e+01 5.575265890235600352e+01 6.355716567243690918e+01 4.662397425159431208e+01 2.707723272802362047e+01 2.230428531382280255e+01 4.253200641237233270e+01 5.540760623674920993e+01 7.043986053565409122e+01 7.233563017097868908e+01 8.063112192860380389e+01 8.191130052381035398e+01 7.362789224516475883e+01 6.176189814730151539e+01 7.853389038868833438e+01 9.010485340260346732e+01 9.632509747329936545e+01 7.645649763594973081e+01 7.384479639677950047e+01 6.564135645149819709e+01 5.482336275144938043e+01 3.518905010892790841e+01 5.043299697554346750e+01 5.239278687272832258e+01 3.271986234904655788e+01 5.239278695293522503e+01 6.213062273057144580e+01 6.213062273797656587e+01 8.184673533508212984e+01 9.004745693910381021e+01 8.010920713103490698e+01 6.481705921690593186e+01 5.530811545538565355e+01
6.343274376862209629e-02 1.832129471784615404e+01 3.135330430790720158e+01 2.947794660699331715e+01 2.703912606186293743e+01 4.740625232293948699e+01 4.337577696426092189e+01 3.826762837602607448e+01 1.807818494477350413e+01 3.826762837602960587e+01 5.088445429419515875e+01 5.619073472707960093e+01 5.902385054404246034e+01 5.942604713573368969e+01 6.774396174360818179e+01 7.032254100831752908e+01 5.351705454524564942e+01 5.010192996188807513e+01 6.176189818589483593e+01 8.181665851631082376e+01 9.369456613279889723e+01 8.224512290295966466e+01 6.564135645149819709e+01 4.609143379846670996e+01 4.102580184283093701e+01 5.482336267300721744e+01 6.299106653512676246e+01 5.516813005917839519e+01 3.554349075414803849e+01 5.516813005917839519e+01 6.826727518560791452e+01 7.520990491894967533e+01 8.345043572121809916e+01 9.490851489985047351e+01 9.291989421276844041e+01 8.354868626281925970e+01 7.534415833905063664e+01
3.497053469895897854e-02 1.313803301905901222e+01 2.301685108152197756e+01 1.241724320919480995e+01 2.658411200851580247e+01 2.824927003527575309e+01 2.996908202110375186e+01 2.316822552850791084e+01 1.535294625160086568e+01 3.552019312062257228e+01 3.915339543372992637e+01 3.595437468013433602e+01 3.879135795732357650e+01 3.918548609676253136e+01 5.094913949761655658e+01 5.527498918660754867e+01 4.178997854979887450e+01 6.201749450501193195e+01 6.436624251223589965e+01 8.441380371069320177e+01 8.542991002487796948e+01 6.564927238072968407e+01 5.438439176548259013e+01 5.337996492030384843e+01 6.059358812784255832e+01 6.877774279444074068e+01 6.022050935073485789e+01 4.066053225672952465e+01 5.516392056447994463e+01 4.252681747882872543e+01 4.870738081140127207e+01 5.557318266413174968e+01 6.684206747979285979e+01 8.664058343558346564e+01 8.569427103218646380e+01 8.225462049846035484e+01 6.198848384248247356e+01
9.635555453094322986e-02 1.664557941612267999e+00 3.239456453327882457e+00 4.830187975926078181e+00 6.472047585967370509e+00 8.129089525830304197e+00 9.839198688679534399e+00 1.156860992799145649e+01 1.502772036869761507e+01 1.619693360933268522e+01 1.889685280505516118e+01 2.164954511955847494e+01 2.446529464938554455e+01 2.746235427845430266e+01 3.065373221979801599e+01 3.498495563073688430e+01 4.937043888440427253e+01 6.952983460590088782e+01 8.441380371069320177e+01 9.270153826514071227e+01 8.801381982750103816e+01 6.820879653566522904e+01 6.820879653566522904e+01 6.721228258675101586e+01 7.300649677222553180e+01 7.781582502704874571e+01 5.814778121786780929e+01 4.437890380990087635e+01 6.390690166731796040e+01 5.632550594127600618e+01 5.847110917487546544e+01 7.520990491894967533e+01 8.345043572121809916e+01 8.394199703299497628e+01 6.543890654880952695e+01 6.543890654880951274e+01 5.825839934906925066e+01
8.845047570523793812e-02 2.008845047570488163e+01 2.333513423213896232e+01 2.493646749196658163e+01 2.658411201047994155e+01 1.570224276548322528e+01 2.996908200967846270e+01 3.170894170317406235e+01 1.265954950249407673e+01 3.631842068187081907e+01 2.795759410139066858e+01 4.188146731143051937e+01 3.615858647691194250e+01 4.774015377131495086e+01 5.094913949761655658e+01 3.808642555695900711e+01 5.245076594788221058e+01 7.258312132453170307e+01 8.325608026755968183e+01 9.481919888360846471e+01 9.628144927025418554e+01 8.801381982750103816e+01 8.801381982750103816e+01 8.699496724209291187e+01 9.283161780281525921e+01 7.781582502704874571e+01 5.814778121786780929e+01 4.873952709230713509e+01 6.827716696426321619e+01 7.597904236075757467e+01 7.814804123155266780e+01 8.638930001139566173e+01 8.990150090869450139e+01 6.963768654763281063e+01 5.530499273633653701e+01 4.512936523193366867e+01 3.783134787308561187e+01
8.023991185656004221e-02 9.024511821855639937e+00 2.057151720564795028e+01 4.057151720295380670e+01 4.422754846276942686e+01 2.576311699734280225e+01 4.422754848654329152e+01 4.916590164778108374e+01 2.881440473594776108e+01 4.916590165074341456e+01 3.966428325311612468e+01 5.655284689302967394e+01 5.640876229617137483e+01 6.473362897956801021e+01 6.666507458861200064e+01 5.834739631644540481e+01 4.719763086096006788e+01 5.486599107931065333e+01 6.649545843901152864e+01 8.653256533076098833e+01 9.759679331409833480e+01 8.919879556714371915e+01 8.969106087774630964e+01 9.808826564137854120e+01 9.768479726410294006e+01 7.781582502704874571e+01 6.465285142279920194e+01 6.827716696426321619e+01 5.606190466985307097e+01 7.569946838507041775e+01 9.386325317635811416e+01 9.588948359607992700e+01 8.576672580839273508e+01 7.739783383489309188e+01 7.064245468669179218e+01 5.782472697834375452e+01 3.738980927341864913e+01
4.598823041778624804e-02 2.004598823041743216e+01 3.730878264246584308e+01 4.885578774267777646e+01 5.432607946051996350e+01 4.598320323010113952e+01 5.432607946051996350e+01 5.857796620179224334e+01 4.430218132603248193e+01 5.857796620179224334e+01 5.988600606494707534e+01 6.820422930758374491e+01 6.821607613127626735e+01 7.661017498552433835e+01 7.856839511154197453e+01 7.566835372716739982e+01 6.736774782153982244e+01 7.496413382194936048e+01 8.325594823975036718e+01 8.240705275964013765e+01 8.587017204997515307e+01 6.887255481012535085e+01 6.936364334159948442e+01 8.636148769327361663e+01 9.651696713326006716e+01 9.266215846283813562e+01 8.440352179061702032e+01 7.205726401539116921e+01 7.569946838507041775e+01 6.580266272681257078e+01 8.559627404332834999e+01 8.753766677763644566e+01 6.725800089214978073e+01 5.713169639028927804e+01 5.037742348852611229e+01 4.447823246551963905e+01 4.924689811893004787e+01
7.340434288523949025e-02 2.007340434288488495e+01 2.933751906926109498e+01 3.450149686420391504e+01 4.082605218454056484e+01 4.789711999640591245e+01 5.618139124386752314e+01 6.772839662765862556e+01 6.454196927549186569e+01 6.657491544636947367e+01 6.065022243486223630e+01 6.494941303147760436e+01 4.804725819253982166e+01 6.494941303125047227e+01 5.838967237319344150e+01 6.691820410665366126e+01 7.528396252945854883e+01 7.467824775859401143e+01 6.873438742875646312e+01 6.211029207563777277e+01 7.645839241758424976e+01 5.718037840323338372e+01 5.767001270619864783e+01 6.779293362039994975e+01 8.215893848564071789e+01 1.025014022024199818e+02 1.001776469213329079e+02 9.190541936907884235e+01 8.559627404332834999e+01 7.975986290642329379e+01 9.386325317635811416e+01 9.588948359607992700e+01 8.576672580839273508e+01 7.739783383489309188e+01 7.064245468669179218e+01 5.465874173621450893e+01 6.954225910961811508e+01
3.515918393995972474e-02 4.623473861351175884e+00 9.337519069261452032e+00 1.450149686420462913e+01 2.082605218454127538e+01 2.789711999640662654e+01 3.944412538019873438e+01 5.944412538019802383e+01 6.362259306242854962e+01 4.642053708345284946e+01 4.052640849877735008e+01 5.477912582689059207e+01 3.647669568113633431e+01 5.657160366510922955e+01 4.418144852684053348e+01 4.678870618159051276e+01 6.691820410665366126e+01 5.445069125639054874e+01 4.853420979213631625e+01 4.783031885300192698e+01 6.182409592322670022e+01 4.814715998581389300e+01 5.824895225527068021e+01 7.258160190804319711e+01 9.291187244120887101e+01 9.568345875915356658e+01 9.413482251043258486e+01 1.026348170196349798e+02 1.055402631677395107e+02 9.968661696562993768e+01 9.792891109792067539e+01 9.571355536984903267e+01 9.546555277375536264e+01 8.708756671531847360e+01 8.329611882423014890e+01 7.492614641977193912e+01 8.329611882401817979e+01
4.608085242692564615e-02 2.004608085242657012e+01 2.933751906926109498e+01 3.450149686420391504e+01 3.450149686420392214e+01 4.789711999640591245e+01 5.618139124386752314e+01 5.908963262873747624e+01 5.525096696107474514e+01 3.515324426246962730e+01 2.636761655156540840e+01 4.642053688476310924e+01 2.891575806149985084e+01 4.897643988975410423e+01 3.261903048825461582e+01 5.268340495476054031e+01 5.823525309890784740e+01 4.987422869932927938e+01 3.450235367623236016e+01 3.788261930081866780e+01 4.165579182638816746e+01 5.325860524697449705e+01 7.352476261987249018e+01 8.694228511861201980e+01 8.945487865342238365e+01 7.473610745849163095e+01 7.316358069811911946e+01 8.805876796525460293e+01 1.088037157997578248e+02 9.792891109792067539e+01 7.764040754709627379e+01 7.541939551292256283e+01 8.377448762966976403e+01 6.682840266739489721e+01 7.764680600843708191e+01 7.476504283251431104e+01 7.207224675171090666e+01
1.610643649003322755e-02 8.960378346489269674e+00 2.050738373028199035e+01 4.050738373028269734e+01 5.450149686420321160e+01 5.936947687161633525e+01 5.138212992305597027e+01 3.941170464894724290e+01 5.321555484347953779e+01 3.884120585016476923e+01 1.881149381946326571e+01 3.450013519141324991e+01 2.225062580135346479e+01 3.745367334576502572e+01 2.595227914418477155e+01 4.599341631497340188e+01 4.772623827662054197e+01 3.003583265769568200e+01 4.987422682812367469e+01 5.794270386982702803e+01 5.588572286944503276e+01 7.022466488598817591e+01 8.192935647977135716e+01 8.736229501910332829e+01 8.087144461277640062e+01 5.991262172428917410e+01 8.087144461277640062e+01 9.102465477516038561e+01 1.014472896168467884e+02 9.571355536984903267e+01 7.541939551292256283e+01 6.114606716340335879e+01 7.125474223996788226e+01 5.523333784513614120e+01 5.747446352143624893e+01 5.461450004916263623e+01 5.194062765050166064e+01
2.022278438842990689e-02 2.002022278438807490e+01 3.724464959395016450e+01 4.879165497774489069e+01 4.953876217803899351e+01 4.121022132335819776e+01 3.160768060439237104e+01 2.530006533766269428e+01 3.930623036869888409e+01 3.108636405968047001e+01 1.304271672957524508e+01 1.448132778056995207e+01 1.593068523890557309e+01 1.742790998465753916e+01 3.736404035685207248e+01 4.124941952660613964e+01 3.510543303146786798e+01 2.702658259304178756e+01 4.966574165957912612e+01 6.207819808895929015e+01 7.046932660323855657e+01 8.456343192248540674e+01 8.230929323795348296e+01 6.715028789421015176e+01 6.715028789421015176e+01 5.377007254615298848e+01 6.150265050512884102e+01 7.196762651929624610e+01 9.294135303207585252e+01 9.323620490647800807e+01 7.294400811869887491e+01 5.869319528606303749e+01 5.113992448689381121e+01 4.629600242064621796e+01 4.331836656509070593e+01 4.046570285644452269e+01 3.780190683711777666e+01
6.642187732006160639e-02 1.420855750105485171e+01 3.420855754773586455e+01 3.745447648338888769e+01 4.044450851680053205e+01 2.154458510483237177e+01 2.707640099925604105e+01 1.530447053678470049e+01 2.940295851269026883e+01 1.107222326255570799e+01 3.108687236124731257e+01 3.450013525610125953e+01 3.595237464389400373e+01 3.742592235947410728e+01 1.964108555431884184e+01 2.122601208889457425e+01 2.283168257414075697e+01 2.477394242411955716e+01 4.495979523443866555e+01 4.185216625298782844e+01 6.207819896228179601e+01 6.954419396121417662e+01 6.217398239300019469e+01 6.217398239300018759e+01 4.724506588935659579e+01 5.377104315712613669e+01 7.286206268494774463e+01 9.102465477516038561e+01 1.014472896168467884e+02 9.323620490647800807e+01 7.294400811869887491e+01 7.258793711318774911e+01 5.245955114172030420e+01 6.637618234373402970e+01 6.338280585593778937e+01 5.045670045346263777e+01 5.783588157518800443e+01
1.591255364720534082e-02 2.001591253363990219e+01 2.221270389478620544e+01 1.743144293555875635e+01 2.438600779432818655e+01 1.270762115535210945e+01 7.083574112464200212e+00 8.232508959192635700e+00 9.401000678514622066e+00 2.941605395849132876e+01 1.429421834522601920e+01 3.431322806001549708e+01 4.594719181484125414e+01 4.810351046723724977e+01 3.379275056633346708e+01 3.537589981446458864e+01 3.708286176027368697e+01 4.495979523443866555e+01 2.756451402988340504e+01 4.777622909367548942e+01 5.294646991745879916e+01 4.931471255605716664e+01 5.770854236619077682e+01 4.220793098120923048e+01 6.217398239300018759e+01 7.286206268494774463e+01 6.461017282868270684e+01 7.822934780518347964e+01 9.839029955604837596e+01 1.016055361978776261e+02 9.323620490647800807e+01 7.721639369269749409e+01 5.704141919804876437e+01 7.721639369269749409e+01 7.057882497949839262e+01 7.057684887787846151e+01 7.166957382432217116e+01
6.189296070378335485e-02 1.132468415848163046e+00 2.204580950685960161e+00 3.287641672833727213e+00 4.377111094239418243e+00 5.473105876166934003e+00 2.548308968749188708e+01 2.829439116491192863e+01 2.093892754632422992e+01 3.759639337719103480e+01 3.431322806001541892e+01 1.757920898096715945e+01 3.760553611678961516e+01 4.936469728853592187e+01 5.398595417634680160e+01 5.546814920377336477e+01 5.730886123949050415e+01 5.604779096823557438e+01 3.659756610053309345e+01 3.054466860301875641e+01 3.270815135819622554e+01 3.500300806002179144e+01 3.748739234790841124e+01 4.139945989788809300e+01 6.159521778680422699e+01 7.582032359819450562e+01 8.413435385783699871e+01 8.413435385783701292e+01 1.043528492620635859e+02 1.081134982905740003e+02 8.784073579241604079e+01 7.349414738593667096e+01 6.258788333536949722e+01 8.283075657055840679e+01 9.082719799133063532e+01 8.807017641653099815e+01 7.097105694097682260e+01
2.247884206357958492e-02 1.967266757212399142e+01 1.114889812144187253e+01 2.329602517449621857e+01 1.893056810657631317e+01 1.920811216251613729e+01 1.214032011717381998e+01 3.215436037387303969e+01 4.075587616936421398e+01 4.889849701802628346e+01 4.594777071307365190e+01 3.760553611679321051e+01 2.098157196626342014e+01 4.101651058400700833e+01 5.323810189874653531e+01 6.486139410295199070e+01 7.310450017735030315e+01 5.306520229659174959e+01 5.674248197351876399e+01 4.223019500697041195e+01 4.037294725609653057e+01 4.217690241611101243e+01 5.750605751204550131e+01 6.159521763922899140e+01 4.723410747369634777e+01 6.742335012709949638e+01 8.001510841505165672e+01 8.720144190419115660e+01 9.560213502771983940e+01 1.057665544014025443e+02 9.456302306868718688e+01 7.424214140598991207e+01 7.266958959521933537e+01 9.121913112173680815e+01 9.431143355022193475e+01 7.380449094653847908e+01 5.951036688550756537e+01
