LEM/with_lateral_4open/elevation_000051.asc
nrows	100
cellsize	150.0
xllcorner	0
ncols	100
yllcorner	0
NODATA_value	-9999
[rows 0 to 16 of 100, columns 0 to 36 of 100]
8.271705653423140625e-02 2.127631151761726416e-02 9.425194436011796739e-02 4.939197167322698090e-02 3.975871534419905817e-02 6.171646774684565184e-02 1.696294146011132625e-02 1.936121709489252440e-02 4.216450047424835645e-02 2.297044857093000214e-02 6.704298068806634203e-02 4.162315340452049650e-02 3.835349583220235004e-02 2.777463300387698203e-02 2.207885817162396139e-02 7.161913568127860341e-02 9.025521335945362045e-02 3.502399586135773735e-02 8.040414306008919487e-02 3.131346976591601466e-02 7.604099264847130613e-02 2.387740603804927586e-02 5.687112022313325910e-02 4.074439634684711570e-02 8.709178300582484655e-02 7.612946965408906586e-02 1.077918208624280109e-02 9.929772718869623455e-03 4.600412614040166881e-02 2.152795518990661267e-02 2.378824418737431057e-02 9.511189423522797837e-02 9.406546861214974686e-02 1.749038473908382007e-03 2.223905489293687143e-03 6.269637160239108220e-02 9.476101746191394060e-02
7.813061968023242432e-02 2.002127631151726206e+01 1.423638756809119421e+01 2.004939197167287190e+01 5.203736510287398254e+00 2.006171646774648920e+01 1.415909856519118648e+01 1.416149684082571802e+01 8.986436410473483960e+00 2.002297044857057529e+01 2.006704298068770953e+01 2.004162315340416356e+01 6.068580387387449981e+00 2.749429902762969391e+00 2.002207885817126964e+01 1.421375475941235322e+01 8.255221022636643369e+00 1.417715961959243387e+01 9.024676053059325298e+00 2.003131346976556060e+01 2.007597820888301499e+01 1.157088276241274194e+01 2.005687110101182924e+01 9.574428933750588344e-01 2.008709178300546938e+01 1.421826509338516509e+01 1.415309253955063440e+01 1.587685153083431011e+01 2.003083671608687766e+01 2.315678289268633172e+00 2.002378824418702052e+01 2.009511189423487210e+01 1.423620109234322584e+01 2.000174903847355168e+01 7.073291717354799779e+00 2.006269637160203700e+01 2.009476101746155763e+01
2.526786264046545702e-02 2.002526786264010994e+01 3.423638756809189942e+01 3.054896134853548162e+01 1.054896134853583867e+01 3.054896134853619571e+01 3.415909856519188992e+01 3.416149684082500926e+01 2.053344179426620286e+01 3.727070765793438056e+01 3.501285229737908367e+01 1.501285229738653015e+01 2.549664118186155903e+01 5.496641181736761972e+00 2.549664118186240813e+01 3.421375475941305666e+01 1.719949293263564272e+01 3.417715961959314086e+01 2.057168143685204598e+01 3.730894730052222741e+01 3.985096918150533440e+01 3.157077765967598992e+01 2.187510587153472841e+01 1.875105828857306811e+00 2.187510587356823422e+01 3.421826509348707646e+01 3.416525282024108634e+01 3.796674047891470138e+01 2.483615783715045211e+01 1.093878216622269406e+01 5.720268496779047140e+00 2.820800812141083114e+01 3.423620109234393283e+01 3.535756296481770278e+01 1.601756362735411443e+01 3.535756296481770278e+01 2.758239903540631488e+01
4.163169627051844027e-03 1.414629879335812745e+01 3.414629879335883089e+01 3.883323259599673349e+01 3.054896134853619571e+01 1.997705176435664143e+01 3.997705176435734842e+01 4.881771304172910675e+01 4.053344179426690630e+01 4.570330197386736870e+01 2.570330197388331683e+01 3.501285229737908367e+01 2.832506830669391462e+01 8.325068306482975800e+00 2.246007286105846745e+01 4.234687956283440258e+01 2.874649831642795306e+01 4.548376418009653577e+01 4.057168143685274941e+01 4.885595268431494986e+01 4.123718454557557322e+01 3.289008294162935897e+01 2.279556334589932831e+01 2.795680446755631987e+00 1.983319364871902124e+01 3.718248861516698867e+01 4.934844597894953466e+01 4.082488138731294924e+01 2.331747756686367268e+01 2.710723264367418039e+01 8.162747592242473260e+00 2.807124348729597685e+01 4.424708774764140884e+01 4.430183487481701832e+01 3.015969925108531768e+01 4.430183487481701832e+01 3.158239903540635041e+01
5.883922493566802470e-02 2.005883922493531202e+01 3.375029455263139511e+01 4.203456580009358845e+01 4.826132301181954176e+01 3.411918738808809337e+01 3.411918738808809337e+01 5.411918738808879681e+01 5.984543759755932513e+01 3.984543759761376691e+01 4.570330197386736870e+01 4.541779558164322594e+01 2.541615618080534489e+01 1.127390742958094449e+01 3.127450072646273327e+01 4.736129158161654118e+01 4.874649831642724251e+01 5.703076956388884611e+01 5.734951250886385310e+01 4.903611101139679107e+01 3.291647096742202905e+01 1.342742472660415842e+01 8.508604210263701617e+00 3.719194642518088845e+00 1.228388478972784981e+01 2.068541502422536027e+01 4.097483136895975520e+01 4.866950810003793038e+01 4.082554068157212868e+01 2.471645148212387255e+01 1.066033164864315275e+01 1.728868538143532518e+01 2.429632899149434166e+01 4.424708774764140884e+01 5.015969925108602467e+01 4.739341874631195850e+01 2.739341874631096019e+01
1.256007409845548775e-02 6.679226740765150439e+00 1.375029455263068812e+01 2.529729993642340702e+01 4.529729993642411046e+01 5.411918738808879681e+01 5.411918738808879681e+01 6.240345863555099726e+01 6.812970881706634430e+01 5.984543759755932513e+01 5.593464120930303096e+01 3.911952823564889314e+01 1.911855405864267610e+01 1.627390737121945463e+01 1.911845879832442918e+01 3.326770487170704627e+01 5.350479192581745025e+01 6.328229930284684457e+01 4.313514660895742736e+01 2.875976459391231188e+01 2.185258832311507504e+01 3.289014176619857466e+01 2.786525606930212007e+01 2.372151475447044433e+01 5.055559205701035452e+00 2.505917970102713355e+01 3.972320260312471873e+01 5.126209094290366153e+01 5.293346487594458694e+01 3.331670282746890877e+01 1.342713246174720254e+01 3.331670282746890877e+01 4.424708774764140884e+01 3.838483739212430379e+01 5.839981206195746211e+01 5.567768999588023604e+01 4.119163820076752813e+01
9.594114293757748102e-02 2.009594114293722100e+01 3.375029455263139511e+01 4.203456580009358845e+01 5.358157118388631091e+01 5.258268181943320485e+01 5.258268181943320485e+01 7.261794807694907661e+01 7.334326854582980104e+01 5.333763429284585555e+01 3.919389841841464062e+01 2.764660184414927002e+01 2.383314313900205406e+01 3.624944015352033944e+01 2.792942528855415318e+01 3.395751894062631493e+01 5.484002004966900756e+01 6.913737764160613608e+01 4.903611101139679107e+01 4.903611101139679107e+01 4.186733998665143019e+01 4.639245768435412742e+01 3.542990210578251009e+01 2.601049330989998509e+01 6.005909523087390234e+00 1.237324256560681945e+01 2.300414297719310852e+01 4.286278948040868642e+01 5.028512967631984054e+01 3.030643687970825084e+01 1.626980707413516569e+01 3.030643387422581725e+01 5.028442972820199230e+01 5.839981206195746211e+01 6.669127327916696402e+01 5.752156981932613888e+01 3.752156981932191826e+01
7.711341127313005306e-02 1.421924903500420534e+01 3.421924903500490700e+01 4.822520025148359935e+01 3.992771431030963214e+01 3.257342129730410107e+01 5.258268181943320485e+01 5.907360851873376362e+01 6.733712190908021000e+01 6.029955342360740644e+01 4.029611297363113209e+01 4.764826685131368578e+01 2.938000421061287426e+01 4.932588823163995073e+01 3.765694838678398781e+01 5.471007567312263831e+01 6.324297655049539912e+01 6.494161630176553501e+01 5.666156939746973364e+01 5.815339004253608834e+01 4.669963410159875394e+01 2.585446851387419187e+01 2.518994174235219319e+01 7.372005348579016015e+00 2.601049329910213359e+01 2.516335534936955654e+01 2.555153105588030371e+01 4.550990044764944997e+01 5.329928303164903980e+01 3.330020671297717172e+01 1.925816582983315683e+01 3.915784254695061861e+01 4.791707895836885456e+01 5.621254998173157702e+01 6.777879843696068463e+01 6.580584107201477195e+01 5.614257611921998148e+01
2.297228869525369793e-03 2.000229722886917116e+01 2.653094169983518213e+01 2.992441059707470430e+01 1.992408957673684355e+01 3.827136958603175998e+01 4.493549919933538916e+01 3.907930257292710507e+01 5.907360851873376362e+01 6.858647631897410690e+01 5.443999481536236118e+01 5.533301156002437438e+01 3.540963741257652231e+01 5.533301156002437438e+01 5.143450696071178641e+01 6.516262450169668341e+01 7.079229735828712933e+01 5.080843022988852198e+01 3.661194226218837144e+01 3.811070537487437093e+01 3.969660329544739596e+01 2.875081620593381970e+01 8.746485808699018705e+00 2.737636829503219715e+01 3.566037092754428528e+01 4.502783726808964104e+01 4.550989844385419758e+01 5.389425101582674671e+01 5.549026737620984306e+01 3.548725367789119645e+01 2.916446091282481134e+01 2.411961246471319242e+01 2.792215949178080336e+01 3.944739148339519375e+01 5.948688721129772716e+01 7.150806410796506896e+01 6.508684803539722452e+01
9.647730019007895452e-02 3.299040376291828558e+00 6.543468798907093209e+00 9.924085817821188371e+00 1.400656872245985340e+01 1.827058304957339629e+01 2.493724972569692611e+01 3.648425126898795412e+01 5.062595673180044997e+01 7.061331546200975140e+01 7.444577928515252552e+01 6.236380616150472633e+01 4.247771601224376070e+01 6.236380616150472633e+01 7.086452702687111582e+01 6.243360064805086296e+01 5.420454719652713038e+01 4.927806647875042501e+01 4.398107180054969945e+01 2.378896195199889263e+01 3.138805601465088557e+01 1.167909618895050272e+01 9.846619990615886664e+00 2.985031878281696294e+01 3.967975663394582142e+01 5.119954404089249778e+01 6.318112824903306546e+01 7.128787552344192591e+01 6.378499773512571380e+01 4.915104521646832580e+01 4.915104521646832580e+01 3.300164975530985600e+01 4.791707895836885456e+01 3.421439525864012410e+01 4.317443910731066836e+01 5.735389221795274750e+01 7.737511418505448546e+01
3.582433992925927735e-02 2.003582433992890444e+01 2.654358033527709182e+01 2.992441059707470430e+01 3.400708717786746149e+01 3.827136958603175998e+01 2.721485479011780129e+01 3.428592191901162778e+01 4.323017749692908751e+01 5.477668823991152180e+01 7.475658899417030057e+01 7.054940049686443615e+01 5.399339014372368695e+01 7.054939994175748552e+01 6.970801679250223515e+01 5.420454719652531850e+01 3.426566946144878756e+01 2.897021654270270474e+01 4.218536517936271224e+01 3.446241993360296618e+01 1.453826456255302446e+01 3.138805600702454157e+01 2.985031880861215470e+01 1.140947564479994547e+01 2.295956070998698095e+01 4.294588029196971490e+01 4.324077610911120928e+01 5.983769499747292997e+01 6.847698682782340995e+01 6.917582870225540148e+01 6.131671490562749938e+01 4.455426400422179967e+01 5.961281411265331087e+01 3.956283541685804295e+01 5.961281411265331087e+01 7.150806410796506896e+01 8.339389919107109961e+01
1.813270376062421294e-02 2.001813270376026921e+01 3.018721702356262426e+01 3.596020244359700513e+01 4.262585226653975212e+01 5.090064869656450242e+01 4.722424457889871263e+01 5.428086295343946688e+01 6.254684501010262210e+01 7.148032652776738871e+01 8.300413231599114283e+01 8.197136231581482946e+01 7.379800709623066268e+01 6.970801678484326658e+01 4.983015843756329133e+01 4.280312295824059987e+01 5.349594143541295921e+01 3.370440365432351371e+01 2.187115785167253534e+01 1.764422117016525604e+01 3.446241993360296618e+01 4.277778231006856657e+01 3.262350423705368030e+01 1.261625159711526400e+01 1.549407291902019068e+01 3.549268019201405622e+01 3.169616612909245745e+01 4.027298547133789697e+01 5.442386469040599906e+01 6.597651581484183225e+01 7.288109539528852565e+01 6.459097135611422402e+01 6.669725200072156213e+01 4.665943542681156231e+01 5.593829474427528226e+01 7.596256293771412516e+01 7.516674201859358107e+01
2.372884694381488524e-02 5.023728846943693149e+00 1.018770664188108555e+01 1.596120933340989545e+01 2.262787597846509158e+01 3.262786591588960050e+01 4.676918190526348695e+01 6.675101788374149692e+01 6.457736775760906767e+01 6.198224712921144430e+01 7.026627690390523640e+01 8.181310096427309020e+01 8.374585332286675055e+01 6.389335451529921528e+01 6.970801679253796124e+01 5.686175647643139541e+01 6.138732946090760834e+01 4.209079966532080164e+01 2.177384048649894410e+01 3.785442523292678629e+01 4.616225593844036723e+01 4.797238024529214329e+01 2.797159145544177150e+01 1.382730720527315249e+01 3.382839650748385196e+01 1.966608900417680772e+01 2.275303401489524191e+01 2.613381185186073452e+01 3.767841538358380404e+01 5.768133785362599042e+01 6.052204451713290467e+01 8.054140832698097086e+01 7.498578958643655312e+01 5.668812017816981097e+01 7.498578958643655312e+01 8.425029533140977378e+01 7.515065071129338037e+01
8.175220331382776484e-02 2.008175220331347077e+01 3.018721702356262426e+01 3.596020244359699092e+01 4.262585226653975212e+01 5.090064869656450242e+01 6.088196599648501461e+01 5.673273498145682225e+01 4.457739995637941632e+01 4.198226991725638158e+01 5.352927510342601636e+01 7.352922165520084263e+01 9.197278125390094772e+01 8.374585332286675055e+01 8.495292523268742002e+01 7.229778576665320600e+01 5.820830249939234591e+01 4.514345311011448558e+01 2.489444092738147418e+01 3.669630984120956185e+01 5.668246540484540219e+01 4.919184211379437244e+01 2.919116484971049630e+01 1.504726789415352783e+01 3.504922729912794210e+01 3.121280518339853316e+01 4.275535269307879105e+01 4.613264518096793410e+01 3.157582842281523483e+01 4.051808827534806312e+01 5.466046119783209178e+01 7.467315846356889608e+01 8.499311728390046028e+01 7.670638382327335592e+01 8.499311728390046028e+01 8.288441598804217847e+01 6.316709552291784746e+01
9.124702163186203252e-02 1.423338264536268660e+01 3.423338264536197784e+01 4.164232388755186776e+01 4.426845040359936689e+01 4.701565893851792310e+01 4.987279832879693942e+01 3.673275466982566684e+01 3.043526454713121154e+01 4.043526454551751925e+01 5.198226983934029022e+01 6.612440199277753550e+01 8.612425875652095897e+01 8.052711140089199660e+01 6.898771378778103269e+01 6.069437010203798621e+01 4.409407772142863280e+01 2.988548362240839396e+01 3.669630984120956185e+01 5.342087232457878798e+01 6.495911367232291411e+01 4.994500683325622958e+01 3.217396899390841725e+01 1.627642490204921089e+01 3.627790880148721442e+01 5.120415986718905543e+01 5.946012884891962358e+01 5.986886143169530783e+01 5.157600332202049032e+01 3.806293328707237578e+01 5.806578557004585406e+01 7.366890089197526947e+01 8.262223540244838205e+01 9.418781199863398967e+01 9.224155607687256975e+01 7.239207092826002565e+01 5.855460782310702683e+01
2.239863785106879432e-02 2.002239863785071350e+01 2.496018953061927803e+01 2.164232855115580278e+01 2.426845720020880393e+01 2.701566846814926848e+01 2.987281131045556748e+01 2.259061914160680118e+01 4.259061327950498566e+01 5.225574463018595850e+01 5.932681859182534367e+01 6.761155511594158440e+01 7.761181207582816910e+01 7.223170071591501085e+01 5.224890386027230704e+01 4.077830486346425687e+01 3.524103676718578981e+01 4.409413556003709544e+01 5.668246540484460638e+01 6.495911367091676425e+01 6.351078034340107337e+01 4.816741289463325160e+01 2.228694036067021855e+01 1.751495725622272914e+01 3.752272636025242747e+01 4.673799365379533555e+01 5.793172670940069224e+01 6.368131542127342470e+01 6.636084839264785273e+01 5.806578557004585406e+01 4.536493526887021943e+01 5.430930569596490898e+01 6.585805075690416288e+01 8.587925219524701959e+01 9.224155607687256975e+01 7.239207092826002565e+01 7.820584522549427220e+01
1.766589122093755945e-02 2.479495710807587461e+00 4.960190402591745595e+00 7.500192942595545809e+00 1.012632159978997493e+01 1.287353287876373287e+01 1.573067573590656565e+01 1.990096401704798978e+01 2.593119090860315623e+01 3.225574622893969234e+01 3.932681404080187093e+01 4.932681403605323567e+01 6.932682370477816391e+01 7.137493181918513585e+01 5.139413288590478857e+01 6.030662324561706811e+01 4.039890319923130590e+01 6.031209158457317443e+01 7.232246942861733885e+01 7.061088434329904828e+01 5.520651990106613738e+01 3.510544488467337487e+01 2.355481855949640391e+01 3.752272627373099567e+01 1.937186159930220697e+01 3.151638772647231690e+01 4.669534969262223711e+01 4.368999779850305742e+01 6.368131543082985502e+01 7.366890089197526947e+01 5.950840677190558381e+01 5.801482439236941246e+01 7.216223975132778889e+01 9.219284380153811753e+01 1.005016221723439998e+02 9.224155607687256975e+01 8.782652450286970236e+01
