LEM/with_lateral_4open/elevation_000179.asc
nrows	100
cellsize	150.0
xllcorner	0
ncols	100
yllcorner	0
NODATA_value	-9999
[rows 0 to 16 of 100, columns 37 to 73 of 100]
8.884754177262699226e-02 6.929726548558100274e-02 7.395023591448830758e-02 4.828361932999872264e-02 4.897713358561925356e-02 8.568734790590110117e-02 1.075183056328203948e-02 6.823539046102447547e-02 7.194897206013613211e-02 1.557559815681563986e-02 7.704183385687686514e-02 1.685416958384493638e-02 9.680445094065920353e-02 7.639902522890137937e-02 4.559330980047965332e-02 5.839666421669215124e-02 9.739037529851846120e-02 3.670263267501718690e-02 2.041064012308905357e-02 6.895211126444661387e-02 9.031524355919069713e-02 1.560024811392830661e-02 7.641644294168103979e-02 3.888124420523987601e-02 6.873285589001959517e-02 4.772367030474261584e-02 9.504926490987847254e-02 5.760415539182907330e-02 9.666222459857021221e-02 9.627991409191682948e-02 1.286757495974483190e-02 9.381044340810595905e-02 7.584058927755046864e-02 1.435327048224320848e-02 5.777975670406795827e-02 2.716720951219454838e-02 4.735230246529398453e-03
2.008884754177227094e+01 3.051207003624603953e+00 2.007395023591413263e+01 2.004828361932964498e+01 6.079204025442195736e+00 2.008568734790554444e+01 1.001075183056791928e+01 2.006823539031368853e+01 1.421408460107305949e+01 2.001554298024476353e+01 1.991806673693503527e+01 1.982799720112186392e+01 7.053850703908416397e-01 7.706144467591642844e+00 1.954529603990684805e+01 2.005839666421633538e+01 5.644392337550785399e+00 2.003670263267466112e+01 2.002041064012273353e+01 3.720435827965561604e+00 2.009031524355883391e+01 1.415773587184500393e+01 1.421855208481918886e+01 2.003888124420488381e+01 1.759041365347054686e+00 2.004772367030438573e+01 2.009504926490952315e+01 9.001771457957515210e+00 2.009666222459821583e+01 2.009627991409156067e+01 5.786368693305931288e+00 2.009381044340775091e+01 1.422032886472487334e+01 1.998192724373057416e+01 2.005777975670371305e+01 1.644071376421083031e+00 2.000473523024617251e+01
7.530475933901124463e+00 1.460618771488147338e+01 3.130610370390175845e+01 3.240747290404411274e+01 1.240375935783814576e+01 3.240747290404421221e+01 2.415288749002810675e+01 3.829492677061693939e+01 3.421406948168201723e+01 3.013702898011760922e+01 2.002867505765957645e+01 1.566846054877908845e+00 2.073242538887835451e+01 2.679834489948244425e+01 2.710240256700271644e+01 3.141789502944663681e+01 1.141789502944699386e+01 3.141789502944663681e+01 2.743434259150697230e+01 7.434342591506615250e+00 2.743434259150697230e+01 3.415773587184570914e+01 3.421856927858515007e+01 2.388030900538137402e+01 6.569428171177303710e+00 4.137971616297390298e+00 3.185769293487814480e+01 2.054574787908498834e+01 3.721748615720702702e+01 3.177970653093733944e+01 1.181656757547760250e+01 3.177970653093733944e+01 3.429123084326065651e+01 2.401205525676099484e+01 3.984894320343699725e+00 1.058831619363163767e+01 2.952485344116521659e+01
1.078535971391342230e+01 3.079893458587287114e+01 3.457609333049253308e+01 4.069508710757713743e+01 2.134803676500419911e+01 4.070849345262841723e+01 4.415290372267094909e+01 4.295068331261467165e+01 2.379087007407051146e+01 2.242771298190405460e+01 2.429909758535650610e+00 2.156646628539089505e+01 2.989358467920975571e+01 4.329465999810416577e+01 4.731319057740642364e+01 3.808456169611306308e+01 1.808456169611377717e+01 3.808456169611448416e+01 3.135666529427068738e+01 1.135666529427033034e+01 2.290367067806264245e+01 4.290367067806192836e+01 3.765224956488710006e+01 1.817841090093622469e+01 2.346567937487240130e+01 5.800415281015731672e+00 2.606138964326220275e+01 4.049071913245940380e+01 4.871928419415658595e+01 3.880339144518128336e+01 1.888720279387005263e+01 3.880339144518128336e+01 3.979243140454421024e+01 1.979364507994201006e+01 5.651560987010372905e+00 2.564190053315673623e+01 2.472313912852055395e+01
1.788101935130803000e+01 3.786346100436992401e+01 5.440422230189368236e+01 4.964834889625566205e+01 3.549151045157222484e+01 4.968049556222907626e+01 6.272777857936077339e+01 4.295068333270354088e+01 2.940267738086275173e+01 1.071370608548072845e+01 3.041042358574272075e+00 7.394085704426840877e+00 1.476611201234533333e+01 2.916356903311518778e+01 4.917700877874018062e+01 4.636883294357467378e+01 2.808456169611395481e+01 4.636883294357667751e+01 3.572102309899091921e+01 1.572102309899021577e+01 3.572102309898950523e+01 5.118794192456476821e+01 4.589135269860456390e+01 3.757426112969219645e+01 2.760272034108248462e+01 7.503264100942560688e+00 2.765370382622237955e+01 4.309611744902656483e+01 5.479494414603330199e+01 4.615176014269484739e+01 3.041802696850273335e+01 4.690510175718913644e+01 4.148270038985148034e+01 2.148395247035474043e+01 7.341869496467412937e+00 2.734145012063672908e+01 4.457809226842277184e+01
3.784079054471705916e+01 3.052610223601090311e+01 4.205596804789843901e+01 6.200941908125226831e+01 5.552206472424997941e+01 5.524823088526572690e+01 4.705477407745160434e+01 4.005132727196382092e+01 3.372590686225601075e+01 2.808851774997856054e+01 3.656387241489847728e+00 7.361450081200818119e+00 2.424325581575623545e+01 3.502536979973942266e+01 5.501463722040497828e+01 5.636883294357685514e+01 4.222669731984540675e+01 5.205095471754601988e+01 3.205095471754531644e+01 2.088500089393352965e+01 4.088500089393423309e+01 5.870591210288674233e+01 4.715636206425233468e+01 3.886966626390371005e+01 2.945821840199190333e+01 9.289875483770059006e+00 1.475210521938467068e+01 2.637250256070195320e+01 4.655744867526384212e+01 5.786656403682760441e+01 5.015410266104387915e+01 5.296693365128177078e+01 4.466953273024691384e+01 2.905642299748766888e+01 9.056855347892515340e+00 2.319891908047456397e+01 4.319433193544313099e+01
2.933887121436860568e+01 4.927211256119354488e+01 5.871488941173466003e+01 7.020784508581172645e+01 5.845214984195236951e+01 3.871131594488286964e+01 2.724603516609295184e+01 2.015559394939074522e+01 1.372232837417917217e+01 2.352556000805577696e+01 4.284357096092652029e+00 5.451292280572414661e+00 2.706684375914706564e+01 4.070591742878236374e+01 5.254313511755839983e+01 6.080470515836690026e+01 6.222669731984611019e+01 6.033522596575921426e+01 4.643200285618662093e+01 2.643200285618591749e+01 4.643200285618662093e+01 5.041811119203141089e+01 3.041562008113214333e+01 1.884462460898392067e+01 1.208604910433506419e+01 2.945821847434440954e+01 3.481981556595773952e+01 2.481724979630387651e+01 3.897525080282950682e+01 5.906664988078230749e+01 5.633689094191662861e+01 3.612843372919876828e+01 2.453761315208592819e+01 1.746443109183856279e+01 1.079763190744950840e+01 1.712218729246869486e+01 2.378885474516978249e+01
4.085746859160433075e+01 4.195617304990941676e+01 5.605290919615982403e+01 7.588325472600074306e+01 6.665701457809139185e+01 5.524823088526572690e+01 4.705477407745160434e+01 3.570739879213270029e+01 2.562249075547773103e+01 5.188950818250417818e+00 2.471594380307253047e+01 2.706684387227720734e+01 1.148810213845536943e+01 3.240819671059035301e+01 3.227704850138747616e+01 5.234425277538151988e+01 6.647181384512886382e+01 5.908111349686058134e+01 3.908111349685987790e+01 3.643200285618626566e+01 5.471627410413156412e+01 5.520204571097671220e+01 3.519904933868474473e+01 3.422093426943739303e+01 1.416176500275441441e+01 2.836145026484024356e+01 4.836669977991587643e+01 4.483012135073723670e+01 3.897181015547045035e+01 5.897361354597703098e+01 6.467102547458779327e+01 5.288438072915062804e+01 4.459218617970318377e+01 3.268641592719573907e+01 1.268745427249562852e+01 3.268409729786182538e+01 4.378757974075245585e+01
5.495495246452814087e+01 6.186108292859216817e+01 6.998941099668056154e+01 6.376013983642875615e+01 5.576023796555136869e+01 5.610511138689765431e+01 4.753827473075747889e+01 2.767813445564961583e+01 6.132735725617676437e+00 2.301701026770599867e+01 3.029133596856582145e+01 3.981059419743883865e+01 3.240819671059035301e+01 1.778852978170730026e+01 3.693754598257448407e+01 4.169946079825464125e+01 5.802597671227735532e+01 6.736538474519677777e+01 5.322324912059132629e+01 5.057413847991771405e+01 6.471627410439637629e+01 6.349056010504523329e+01 4.973651609298504184e+01 3.628642041887279390e+01 1.626079306877934982e+01 2.783256507955317005e+01 4.197604103841925394e+01 6.197754600758448618e+01 5.897346831323403649e+01 6.727556172877220320e+01 6.209844158083428312e+01 4.977530861288381914e+01 4.116607916385419230e+01 3.460140225941827197e+01 1.460310684293791539e+01 2.874466995274710968e+01 4.873615407907563934e+01
7.479760210479668103e+01 7.383274617335439416e+01 6.562143741424188192e+01 5.297935298401588966e+01 3.688694321643028928e+01 3.609840172678963199e+01 3.900585799146141852e+01 1.871919737195639044e+01 6.820520394232591599e+00 2.643204584329979667e+01 2.557523115343823505e+01 4.338718779081695232e+01 4.634198880987161573e+01 2.973270716020002524e+01 2.504895009038635934e+01 3.186960607931033351e+01 4.639723144780124642e+01 6.672217787591250726e+01 7.322324912059274027e+01 7.057413847991912803e+01 6.683147174188285078e+01 5.528372640616009903e+01 4.145134706063895180e+01 2.144725282757324791e+01 1.888353460699940811e+01 3.889119641813169181e+01 4.974200497266602383e+01 5.802971051704691519e+01 6.803475893117261819e+01 6.168363949551124392e+01 5.221178931980202265e+01 3.706260826239682160e+01 2.737512008636009853e+01 1.753604914281529759e+01 3.460140225941285053e+01 2.313108931768499232e+01 4.312812635943942041e+01
6.739970908913747394e+01 6.050479586860418380e+01 4.623003328791038768e+01 4.494300005187189839e+01 2.611142029013248944e+01 2.263233591898935160e+01 3.697495978943331352e+01 2.965897945828869098e+01 1.011488651630507007e+01 7.843914908703396804e+00 2.671970195022370120e+01 4.713640107005283397e+01 5.811554504026378254e+01 5.069389028952659260e+01 3.934017826772705462e+01 4.526645466422638719e+01 4.487616883312920635e+01 5.930369361591824173e+01 7.950754067763172372e+01 7.349890735363658223e+01 5.854526880419459900e+01 3.854538798975755753e+01 2.699839277184863562e+01 4.145134706063895180e+01 3.889119641813169181e+01 2.266990732469355052e+01 2.974237352817694457e+01 3.974192259887124123e+01 5.974234791948092749e+01 5.361305230421070434e+01 3.558459153808433939e+01 2.715481496298529507e+01 2.058394730606086753e+01 3.167709373792379779e+01 4.581384841861765977e+01 4.312812651119967455e+01 3.313064018509198405e+01
4.789794951353694330e+01 4.128133891821966728e+01 3.546878577050681969e+01 3.153544150968006221e+01 4.489185646695628407e+01 3.678612445398672293e+01 1.785646621850197135e+01 1.464305961991206573e+01 2.849743986901983206e+01 8.572555187178259928e+00 2.877251789738220111e+01 3.662075093355898048e+01 4.487186507420993564e+01 6.096644161960426800e+01 5.957375151484731646e+01 6.548196773314340646e+01 6.522126341423826545e+01 7.355720360182809259e+01 7.979768946716465905e+01 6.521221633206073420e+01 4.521137374846231438e+01 3.366554773185512772e+01 4.114027278097891127e+01 5.528372640616009903e+01 4.558834118976525218e+01 2.558846411976281487e+01 4.558834118976525218e+01 5.802117888382920086e+01 6.803460430845315443e+01 6.168363949551780223e+01 4.459882600068355174e+01 4.272171533947284416e+01 2.288410861970832855e+01 4.407252544489967505e+01 5.995060311113660134e+01 6.140575848281066840e+01 4.727014382879700349e+01
6.477904979841027000e+01 4.540990240121125510e+01 5.442580502208981130e+01 5.038415493762105513e+01 5.174631073219931920e+01 4.477311149815407276e+01 3.696140636227881515e+01 3.380941407475675220e+01 2.941023928591722481e+01 9.294444118998328008e+00 2.941704908196027191e+01 1.715100300527789301e+01 3.662245281930172069e+01 4.101529623127295565e+01 5.574963223605582385e+01 6.403266477686722169e+01 7.297379894801979106e+01 8.451554284293229102e+01 7.151054707862027726e+01 5.150779773960642416e+01 4.150967588327858238e+01 5.366472448240079984e+01 6.114093880858382590e+01 6.274646412780011673e+01 4.274513225834101604e+01 2.860383704731739840e+01 4.860338673015034061e+01 5.994256631358639709e+01 6.823146588810816127e+01 7.142661012004556653e+01 6.173627437770691273e+01 4.031962967577172918e+01 2.521248803475546296e+01 4.659241967870561751e+01 5.689109077253432645e+01 6.539857437787858885e+01 6.726196553170872505e+01
5.900888631169569010e+01 6.477904979841027000e+01 6.911763273613171066e+01 5.179178249993226046e+01 3.246597521782513240e+01 2.720372838533357296e+01 2.220791305436236840e+01 3.453820782137269418e+01 1.028439454574189682e+01 1.180144431579313569e+01 1.313220656056630276e+01 3.247261003570255156e+01 2.136990257157203033e+01 4.101529623127294855e+01 3.576876919790093723e+01 4.469945010201581681e+01 5.624415955851397086e+01 7.622585409012044977e+01 7.979768946716465905e+01 6.979570232736982405e+01 6.150917240911329031e+01 5.305461625357667543e+01 7.305831089529846167e+01 6.451509293844058845e+01 4.451425827722798090e+01 3.296824205468466573e+01 3.509269482903783199e+01 3.994327897877019495e+01 5.408324361978266381e+01 7.408821685602302409e+01 6.506892369275459487e+01 4.372955610837209406e+01 2.829045753841848310e+01 3.074199102385613358e+01 3.502783707932108115e+01 5.689109077253432645e+01 7.206781315329816096e+01
7.870945674514641155e+01 7.228027024392910960e+01 5.263127086882157357e+01 4.153828051793058052e+01 4.607945373260289301e+01 4.660603530483913914e+01 3.508154763308287727e+01 1.531413588080045685e+01 1.095375361297606176e+01 1.838566117791790688e+01 3.246800539149455744e+01 4.069826480417628289e+01 4.101529623127294855e+01 2.591402399512039167e+01 4.575920071697837699e+01 5.623689643313949915e+01 6.200799940169370217e+01 6.832740421995644908e+01 7.661184671218246933e+01 8.555094424560267896e+01 8.134534326628977396e+01 6.719711258451609126e+01 8.134534326628977396e+01 7.280502996810895411e+01 5.781812372106243458e+01 3.781892542775362642e+01 5.509202673034165088e+01 5.994256631358639709e+01 4.846999896516682327e+01 6.847103797877819886e+01 6.850120903031869091e+01 4.734318125453447124e+01 3.159175442257750177e+01 5.251883119460934068e+01 5.689109077253432645e+01 4.223183188552631151e+01 6.363918399125876846e+01
8.679030417815793896e+01 8.049153996755120488e+01 6.911763273613171066e+01 5.263127086882157357e+01 6.555355625624839888e+01 5.330122045010128318e+01 3.426409119838921669e+01 2.566645214405525977e+01 1.162615475086896488e+01 3.249272701454908230e+01 3.083754364900913458e+01 5.061948544042403597e+01 5.403986863071830982e+01 4.575919982410542275e+01 3.167629315926891920e+01 3.623767150299952533e+01 4.201631228719898559e+01 4.834369153760364668e+01 5.728303581360158603e+01 7.141085823495419049e+01 9.138956495130207713e+01 8.720849534894763622e+01 7.879808899015441170e+01 5.879023330203828124e+01 4.724583963177709478e+01 4.676214810940203392e+01 6.610668080619294074e+01 7.513916977314779899e+01 5.513477436869641224e+01 7.513916977314779899e+01 7.203311172349415870e+01 5.113809362771036859e+01 3.526283619353359455e+01 5.725810273494982994e+01 7.206781315329816096e+01 6.366950923602075108e+01 5.047330596123417479e+01
6.681709357941413430e+01 7.784753446987542702e+01 8.049153996755120488e+01 7.228027024392910960e+01 6.015794883792926129e+01 4.222905393337679669e+01 2.932680941217638804e+01 1.912871134038336152e+01 1.231664700543687196e+01 3.246959566061671865e+01 5.061940248119412900e+01 5.061947459709516295e+01 7.039666610333559049e+01 5.993145281818092229e+01 4.579384095067234028e+01 5.038328354256621822e+01 5.256953320452251432e+01 6.832740421995644908e+01 7.661184671218246933e+01 8.555094424560267896e+01 8.447532754488072726e+01 9.271783447494048858e+01 8.709073133438236880e+01 7.553710139340194019e+01 5.724330624484028363e+01 5.830646390645667765e+01 7.505304928288720134e+01 8.343144447933907770e+01 6.513234825937557559e+01 8.343144447933907770e+01 7.585651483140249240e+01 6.116432878570992671e+01 3.941538232204116099e+01 5.512947789450247882e+01 7.573374785807095577e+01 6.755818101309580470e+01 7.125979142436561631e+01
