LEM/with_lateral_4open/elevation_000387.asc
nrows	100
cellsize	150.0
xllcorner	0
ncols	100
yllcorner	0
NODATA_value	-9999
[rows 68 to 84 of 100, columns 37 to 73 of 100]
7.100198070014810980e+01 5.129442665671723489e+01 7.100198070014810980e+01 7.677249703237907852e+01 9.674216877133191872e+01 9.635732632460101854e+01 8.806317155791958839e+01 7.719496203924074962e+01 5.730200310344193326e+01 7.106133878671738557e+01 5.657463042506538642e+01 7.647848068027667523e+01 6.656350062453711303e+01 7.797685314158718484e+01 9.800245840445946044e+01 1.052487079209829659e+02 9.300661698865650351e+01 7.286197901709552127e+01 9.103607982342988691e+01 9.271975616760025218e+01 1.009718024180505722e+02 1.024629103921613904e+02 9.311645511339091286e+01 7.465827885719124879e+01 9.311645511339091286e+01 9.116214713576674455e+01 8.151203471328794592e+01 6.990815407862707787e+01 5.085395153556581249e+01 6.990815450472948100e+01 6.900235596414140105e+01 6.010758735797868724e+01 7.921649896333416052e+01 8.267644495439672880e+01 6.379995895514505833e+01 8.267644149396190301e+01 6.851265731993342456e+01
6.607391215083329428e+01 4.715761995846203547e+01 5.701284620143366055e+01 7.677249703212861220e+01 8.620128347476821773e+01 8.482479483606196879e+01 6.810850873510085535e+01 7.205862212823168989e+01 5.203184045808419711e+01 5.100458186995997067e+01 5.511887012529947327e+01 5.934892307636451392e+01 7.075841520312842192e+01 9.069014125101327295e+01 1.063098571230361955e+02 9.701126530036714257e+01 7.688724976487371521e+01 6.525741468117666955e+01 7.091306879758485593e+01 7.259364511756744776e+01 8.938646821361376738e+01 1.009718024180505722e+02 1.032115669209023991e+02 9.485744341629771270e+01 1.032115669209023991e+02 9.076611018813396470e+01 7.144644704999993223e+01 5.806386226121142613e+01 5.689805392617144264e+01 7.592500380551798855e+01 8.733417517690267573e+01 7.353849874378384754e+01 7.921649896333416052e+01 9.062781126232218298e+01 7.465394271683670979e+01 8.000449057458060054e+01 5.976818468839333320e+01
4.633180610232123797e+01 4.338923556212707666e+01 5.993403928344039855e+01 6.537383079994870627e+01 6.557405600117516542e+01 7.129468352650219742e+01 5.655150681088351661e+01 6.389902754970178478e+01 4.711378083984251219e+01 6.720141411839568946e+01 7.504695595206496250e+01 7.075841520312842192e+01 8.746705241569641487e+01 9.899430695182402928e+01 9.848249483877442856e+01 9.505233935299439452e+01 8.680124589782006694e+01 7.680696226916312241e+01 5.670961304206479525e+01 6.098538688734164026e+01 7.259364511756744776e+01 9.271975616760025218e+01 1.017329270977540148e+02 1.099791483963710448e+02 1.143606513248008412e+02 9.654652318874367722e+01 7.710504507886349757e+01 6.435675244296206188e+01 6.633557563211100216e+01 7.027591669987486966e+01 8.956310928060725018e+01 9.292440410053013977e+01 9.871199631767042604e+01 1.016481031681191922e+02 9.363538609374514010e+01 8.389595998031725799e+01 6.964760899398066840e+01
6.607391214741458896e+01 5.993403929725908341e+01 4.012594852471332274e+01 4.650822398695983395e+01 5.709990863690636331e+01 5.274170315998946990e+01 6.097459273336060193e+01 4.395704079475072490e+01 6.389902740250676061e+01 7.547783827522762579e+01 9.068926645298344624e+01 9.069014125113048408e+01 9.899430716222268245e+01 9.254847843226158943e+01 7.840978388919951669e+01 8.347333658594483552e+01 6.668969084344831799e+01 7.161784901186545937e+01 5.154004896642320688e+01 7.161784901186545937e+01 8.938646821361376738e+01 8.751903595984656192e+01 8.163144947643056071e+01 1.017329270977540148e+02 1.060937117648854269e+02 8.635686475867946399e+01 7.526598651213741675e+01 7.776907790855847225e+01 7.727688527418879971e+01 8.956310928060725018e+01 9.775450790072635243e+01 9.912564456678298086e+01 9.079433238045631072e+01 8.366620185896445605e+01 7.731881839663375899e+01 7.216652125792056438e+01 5.568625542779935245e+01
8.542668731760630862e+01 6.816672998872387268e+01 5.679316951901514443e+01 3.694478981629143277e+01 3.747078334902334262e+01 3.936100615706925510e+01 4.123447402547868279e+01 6.097459273336060193e+01 5.241900539136346282e+01 6.246654003689714330e+01 7.654560066517551320e+01 9.653220785844327168e+01 1.004092510829854632e+02 8.428894480953250934e+01 6.418037082847621377e+01 7.157116595389942404e+01 5.509637716691296561e+01 6.775386272664420062e+01 4.767517817394331558e+01 6.775387459154160297e+01 7.675782596407941583e+01 6.738665552420278004e+01 8.751903595984656192e+01 9.523963000130370915e+01 1.035057016774538425e+02 1.029281533326668239e+02 9.469863783289801518e+01 9.726462470326627852e+01 9.676713388110691483e+01 1.050041248067885533e+02 1.024433247740139308e+02 8.226667809138892551e+01 7.063293466473743365e+01 6.359401293551382395e+01 5.736405738368561913e+01 5.231654216738846941e+01 4.784714898170307151e+01
6.962091218261512893e+01 6.078551320721081908e+01 5.262921361030350909e+01 3.477646739270385012e+01 5.463525399178192288e+01 5.739242367820789070e+01 4.992227326266974785e+01 5.930844118487956251e+01 7.243304063851070396e+01 6.510316645185137929e+01 7.918856342659658765e+01 9.918703362817208813e+01 9.217686551461828515e+01 7.206313866700307358e+01 6.045516466670888178e+01 5.148819808316938662e+01 4.612133023470563131e+01 5.985310854596097840e+01 4.400303547837528129e+01 6.408804580098882298e+01 5.665170770981034565e+01 7.464376446105620744e+01 8.100701678047887810e+01 7.511167535640250037e+01 9.523963000130370915e+01 1.011940693299979444e+02 9.291648521973911556e+01 9.291648521973911556e+01 1.011940693299979444e+02 1.127253084051434087e+02 1.107566109529424239e+02 9.912564456678298086e+01 9.079433238045631072e+01 7.731881839663375899e+01 7.731881839663375899e+01 6.629090275972032487e+01 6.761262373755073440e+01
5.311892224894092607e+01 4.167903161792638400e+01 3.275752475827570009e+01 5.262921361030410594e+01 6.286410634514547269e+01 7.441786074085194969e+01 6.945309908183656944e+01 7.610348278123694854e+01 8.602189812486105325e+01 8.504596820885099362e+01 9.333736393326159941e+01 9.258953946844735583e+01 8.417512307480230049e+01 8.883699914719328206e+01 7.986187503324302384e+01 7.157116595389942404e+01 5.985314289896972895e+01 3.977511066804333950e+01 4.045769780038491348e+01 6.053933913598724104e+01 4.996400867447989924e+01 5.454505829396925520e+01 6.088464612475436155e+01 7.511167535640250037e+01 9.523963000130370915e+01 8.968099980509470015e+01 7.299292362079783913e+01 7.299292362079783913e+01 8.447965656899386033e+01 1.044414074840335900e+02 1.015476963099718262e+02 9.327099737529003676e+01 1.015476963099718262e+02 9.743900149040504743e+01 9.468076614399087987e+01 8.529875031260128537e+01 6.525046330019641516e+01
6.279408172145140554e+01 5.124129050049103284e+01 3.136171069378444187e+01 4.936683221880029748e+01 5.677149588743541386e+01 6.490834350293710031e+01 6.658127368568983684e+01 8.616602445524731024e+01 7.948596752298081469e+01 7.948596752298081469e+01 8.776045034368530651e+01 8.417512307480230049e+01 6.400602678795392819e+01 6.991341831996747658e+01 7.829778312820077701e+01 7.274579127261124256e+01 5.566928003885282550e+01 3.563196685500132332e+01 3.766680459272554060e+01 4.098757656119918380e+01 4.635316655113884110e+01 6.643850202780753023e+01 8.100701678047887810e+01 8.930868851692818566e+01 9.528748097464841749e+01 8.141361156737440297e+01 6.147731670551223004e+01 8.141361156737440297e+01 9.603351534677489099e+01 9.018276029861398513e+01 9.159374694619222623e+01 7.339367593110763721e+01 9.159374694619222623e+01 1.000927498912342628e+02 1.083727787415770507e+02 9.362824212611302244e+01 8.529875031260772289e+01
4.300785244559364173e+01 3.802054468183337121e+01 4.920650083521654494e+01 2.947724780298720404e+01 3.702637043857784249e+01 4.696171808918101931e+01 6.658127368568983684e+01 6.956567132300536116e+01 5.964537512302972289e+01 5.964537512302972289e+01 7.948596752298081469e+01 8.417512307480230049e+01 6.400602678795392819e+01 4.980236382842755205e+01 6.043297631478073129e+01 5.506647250829913531e+01 4.432928484799160884e+01 3.307681786988963069e+01 5.306056148531231287e+01 6.107047032408536325e+01 4.996400867447989924e+01 7.005578654598983235e+01 8.080824248129857779e+01 1.008924494134805485e+02 8.701516874730816653e+01 6.705139700834543248e+01 5.586304244504747629e+01 7.588427823143474882e+01 7.617465752925112099e+01 7.037231137906489664e+01 7.350774082067543702e+01 6.368314498815211522e+01 8.333233665319878014e+01 8.015097590438644204e+01 1.000927498912342628e+02 1.076202605888908863e+02 8.748771094245149982e+01
6.279492714367734152e+01 5.784803516850702465e+01 4.806918073924290269e+01 2.817300289698637172e+01 4.627660548782172611e+01 5.450602608182167330e+01 6.379457319061073406e+01 4.976887620858385475e+01 4.567789640945721175e+01 6.545655009421713544e+01 6.602272743175237224e+01 7.438408034686602832e+01 7.466731990491238946e+01 5.453691814826972006e+01 4.035362709636634548e+01 3.504564575956541006e+01 3.028156601964686701e+01 4.759645618209843576e+01 5.587931180317476532e+01 6.489262313846003849e+01 7.005578654598983235e+01 6.069223939314377247e+01 7.491638920961358394e+01 9.503243455731281131e+01 8.483257389102315926e+01 6.486705116288635509e+01 5.059464265509361525e+01 6.464835644557038563e+01 6.820985431866618853e+01 5.687836807610410261e+01 5.439151820201614385e+01 5.986837584353673236e+01 6.620238939037396619e+01 8.015097480229415794e+01 1.000924750109169850e+02 1.014864562046982286e+02 9.336184202842741797e+01
7.080848141752485958e+01 5.102114752740273929e+01 3.707655712049461272e+01 4.217050967774321890e+01 2.637364758059468883e+01 4.450350907181631754e+01 4.780713834063445944e+01 3.578250839442132758e+01 5.556722325183717714e+01 6.273747705766185589e+01 4.585584505169551761e+01 6.273747705766185589e+01 7.413404889710936629e+01 6.580249417507012311e+01 6.043297631478073129e+01 5.506646935131544751e+01 4.761340147538226830e+01 2.772447892967649707e+01 3.655104232810706577e+01 5.067674069365208567e+01 7.077382304453971074e+01 8.080824248129857779e+01 8.910696044669246874e+01 8.345026777093484327e+01 7.521475373015374544e+01 7.898537029584213087e+01 6.464835644557038563e+01 4.446396096785549901e+01 4.533862270013283080e+01 4.895472552247855447e+01 6.760835094542234458e+01 7.939533135180688816e+01 8.599178627624316107e+01 9.426187732004083841e+01 1.014888447609874049e+02 9.022500274994101233e+01 7.390164147845763409e+01
5.982332480179236711e+01 4.846485790484019418e+01 5.681627981476947298e+01 5.384438618884060901e+01 4.450350907181631754e+01 2.459236347084151575e+01 2.797072120737298206e+01 4.699181004529517480e+01 5.988329468385242649e+01 5.437937246091100718e+01 3.425024207777240548e+01 5.437937246091100718e+01 6.580249417507012311e+01 4.574347150159655939e+01 5.161862321868220960e+01 5.168680181504025484e+01 4.338154482486432784e+01 2.595901232290545124e+01 4.584854958728156760e+01 6.489262313846057850e+01 7.489278942182193077e+01 8.322847103410799718e+01 8.921187383801283488e+01 6.941695674731334975e+01 5.557464026015892955e+01 6.279325531628634138e+01 6.064009033583257491e+01 4.045445937206797282e+01 5.011287569754903615e+01 6.480279745172744299e+01 7.576111009739989299e+01 8.832593247800389236e+01 9.657840291077967265e+01 1.077502957800003571e+02 9.336204129477469849e+01 7.390164152066212466e+01 6.258221798836746075e+01
7.650132252361953533e+01 6.822558393526577447e+01 6.704882508043230871e+01 5.131938953212485188e+01 3.144785398958618217e+01 4.279614247334951216e+01 2.287808509145033753e+01 2.891382901273418682e+01 5.088809487181789137e+01 4.726265016425827525e+01 2.715855254616388592e+01 4.726265016425827525e+01 6.373397913363114498e+01 5.161862321868220960e+01 3.164979639162817904e+01 4.094483630400944918e+01 2.343616290337767438e+01 4.338155290309986611e+01 5.416045427820019853e+01 6.067176946832775997e+01 5.478123013281206966e+01 7.489278942182193077e+01 8.809877824361656451e+01 6.832952190356716926e+01 5.449747375914751757e+01 4.320234528322522749e+01 5.396946993527767233e+01 3.790269002940630827e+01 5.752557198738658428e+01 7.249637505656829717e+01 7.219314781229624600e+01 6.856738719741349541e+01 7.962644174363106231e+01 9.932021540609603960e+01 9.418790183931108118e+01 8.607409808366250559e+01 7.235433155608703260e+01
8.633640759173465540e+01 7.639877887947149304e+01 5.881168449809224086e+01 3.898893526900150874e+01 5.131938953212485188e+01 4.163121105870211380e+01 2.170839891781656661e+01 4.000113456427069281e+01 3.887907758796675495e+01 4.083269770430383971e+01 2.106576692923274763e+01 4.094756935472925363e+01 4.420085246390167555e+01 4.705250862694303038e+01 3.874780292463072584e+01 2.080869277324763189e+01 2.500171821974272390e+01 2.935223372092727345e+01 3.462561965789454632e+01 4.061259578921955438e+01 5.062128387016210951e+01 6.482422881884481569e+01 8.496135002479921638e+01 7.405797646196380413e+01 5.449575219113936697e+01 4.320231535399557288e+01 3.434932181066486123e+01 5.402901917856438274e+01 5.958221592643433695e+01 6.419527751466732468e+01 5.260243805165577413e+01 5.995978052739074116e+01 7.125648092444444615e+01 9.105998055432661431e+01 8.290066326691629683e+01 6.653992673188353990e+01 6.743557898579804544e+01
7.805633288767137401e+01 5.822854898631294418e+01 4.834891748235356346e+01 5.300772266081523298e+01 5.581252924402583204e+01 3.587392546121810710e+01 3.774862910003648864e+01 2.005940793827820201e+01 1.889304713806025049e+01 3.438723209716575724e+01 1.546323045864644996e+01 2.540207055221590338e+01 3.501096572469538160e+01 3.654309280663501625e+01 1.830216107997194896e+01 3.874780292455665887e+01 3.647807606463342722e+01 4.927898904138228175e+01 4.191038543862182308e+01 5.462370104122097558e+01 6.900485058346004053e+01 7.905915707699874417e+01 9.245207239098485275e+01 8.221253078064155773e+01 7.085605769827515132e+01 5.184199519296869596e+01 3.213096329726303679e+01 5.184199519289888514e+01 3.997116473869850495e+01 4.462370893156251128e+01 5.843884320718997571e+01 7.809253929068880495e+01 8.786372787778284987e+01 8.860471845679235514e+01 6.907638842187982675e+01 5.515515914207438897e+01 6.322826117939933255e+01
8.633640759173465540e+01 7.639877887947149304e+01 6.232533301773860046e+01 7.282368788114220592e+01 6.404031198327342622e+01 5.568334282003922908e+01 4.515314759191961969e+01 2.541643343477683104e+01 3.740808853105102827e+01 1.718511551930592063e+01 3.421628131000444029e+01 1.402935933238419253e+01 1.474390212174263226e+01 1.595012513281627520e+01 2.542789445107174373e+01 4.553541321702588363e+01 5.647700298625710502e+01 6.480420425180138011e+01 5.346118993096700933e+01 7.029044994875457064e+01 8.305693181007706016e+01 8.670544375439453688e+01 7.273208100726598957e+01 7.998005474869543718e+01 6.355230625075969186e+01 4.394092679190515582e+01 2.995275804796790808e+01 3.369336093246944586e+01 5.338065868584570239e+01 6.419527751466731047e+01 7.238006924229256356e+01 7.333917428822822160e+01 7.333917428822822160e+01 8.154378570379411428e+01 7.816625131027916495e+01 5.855292801750112375e+01 4.454705630202791866e+01
8.198695340471698501e+01 8.193317722195403974e+01 8.218618176944202958e+01 8.351785445805508346e+01 7.219589574063382997e+01 5.359511067811619256e+01 3.392756010005982859e+01 4.520883893371292572e+01 4.661062714664598872e+01 3.785992022162286474e+01 3.268709778247633579e+01 1.318074748593828538e+01 3.318186988544051275e+01 3.616759814576429477e+01 4.454715166650071012e+01 4.185821273963362188e+01 5.601132727373120446e+01 7.610576698941572715e+01 7.356623455624495023e+01 8.190092191150776557e+01 9.262177638034928862e+01 7.850793275861693132e+01 5.894403860337566670e+01 6.039968097056662799e+01 6.146802654129999866e+01 4.182048789800830946e+01 2.781226109917625777e+01 4.757480039359963797e+01 6.152034101999727511e+01 6.996345291648917453e+01 6.162711513272415687e+01 5.369675381792549729e+01 5.369675381792550439e+01 7.333917428822822160e+01 7.681291046866373051e+01 5.718666745507101012e+01 4.317073592755249933e+01
