LEM/with_lateral_4open/elevation_000101.asc
nrows	100
cellsize	150.0
xllcorner	0
ncols	100
yllcorner	0
NODATA_value	-9999
[rows 68 to 84 of 100, columns 0 to 36 of 100]
5.009162696260269221e-02 2.005009162696224578e+01 3.377396055377848683e+01 4.205591885953690934e+01 4.561621069850195198e+01 5.390048194596415243e+01 5.617263962516048537e+01 6.445691087262368058e+01 7.099132881238314496e+01 6.505051649884384801e+01 4.498587353587794269e+01 3.406607447029926306e+01 4.809763498099032120e+01 6.822799522394034000e+01 5.416478099953754821e+01 7.055221449712428239e+01 6.088774907995385632e+01 5.254630002095255747e+01 4.233702124654394794e+01 2.231342420434353002e+01 2.933203129450853552e+01 4.944968643074729187e+01 6.310377733727985117e+01 7.143045381742935263e+01 8.151286068501740090e+01 7.587674903775406676e+01 5.578788910071188667e+01 6.167177994996477963e+01 4.333646262744880318e+01 6.131539601859149258e+01 6.517637029572844654e+01 5.127238301998596626e+01 6.025547627860343880e+01 7.190024248794811967e+01 9.197401637723976364e+01 1.005794402131403587e+02 8.068836882822884604e+01
4.695337527364121244e-02 2.004695337527328647e+01 2.669745454408117524e+01 3.028956058461664469e+01 2.561621069850124854e+01 3.984270800660539180e+01 3.617263962515978193e+01 5.568626871425200164e+01 6.463054062425247537e+01 7.338065447406331998e+01 6.159386291435797034e+01 4.148567161948422921e+01 4.809763498099032120e+01 6.822799522393812310e+01 7.368395888554633189e+01 8.185787126088695231e+01 7.207885201812419496e+01 5.780420164063100685e+01 4.407514016364999776e+01 2.403014563236979129e+01 4.407514295066283694e+01 5.296529736356851004e+01 4.286059409263944531e+01 5.299550761800619370e+01 7.321204705655343048e+01 8.416931781391440381e+01 7.587674903775406676e+01 6.895292760706142587e+01 4.886140068777513790e+01 6.895292760706142587e+01 7.968298109834053378e+01 6.549462290434640011e+01 5.946936139252391484e+01 7.111484772159640499e+01 9.119405301645581119e+01 1.053152466153308779e+02 8.544998055100735712e+01
7.614146464036156137e-02 3.364121210747500701e+00 6.697454544080819971e+00 1.028956058461628764e+01 1.406920531470852787e+01 1.984270800660468481e+01 2.740199746678909776e+01 3.634626937678856962e+01 4.789327476058149102e+01 6.789327476058291211e+01 6.992995945544936376e+01 5.151325698689957733e+01 6.822799522393937366e+01 7.655817254210758449e+01 8.148651159268946742e+01 7.139861848710209813e+01 6.306580599856034297e+01 4.352972941574636678e+01 2.933450383393865835e+01 4.407514295066294352e+01 2.682912573850352800e+01 3.280544077828477612e+01 5.298756199694727798e+01 7.143045381742884103e+01 8.151286068501563875e+01 8.384720496475921436e+01 9.213137004562643995e+01 7.725684928456627176e+01 6.045119616645217064e+01 6.045119616645217064e+01 8.056650873108655730e+01 8.559702919371521546e+01 6.660110246911169440e+01 8.671137263848292775e+01 9.945675908694288125e+01 1.104848453014646026e+02 1.053152466153308779e+02
2.352828262072655108e-02 2.002352828262037221e+01 1.824445992787313031e+01 3.028956058461664469e+01 3.406920531470922953e+01 2.259723396893309655e+01 3.154150587893241209e+01 4.308851126272533349e+01 6.308851126272603693e+01 7.617754600804539677e+01 8.000238849530313701e+01 7.167446884181636335e+01 8.000238849530313701e+01 8.740905027388195947e+01 6.728326481021106531e+01 5.295364110130613966e+01 4.281250391944490019e+01 3.520251565858561804e+01 4.945168608253496245e+01 5.008239625488247526e+01 2.995152754456773536e+01 3.082144574873193932e+01 5.096994691379424580e+01 6.194209792106827450e+01 6.959647654236427172e+01 6.369363155616569827e+01 8.384720496475921436e+01 8.885103489489944195e+01 8.056650873108655730e+01 7.208393209737323559e+01 8.885103489492185247e+01 9.498126214181590399e+01 7.669093944819196906e+01 9.498126214181590399e+01 1.046771359229838509e+02 9.065981537477584595e+01 9.794639545159488137e+01
6.786455232800275850e-02 2.006786455232764865e+01 3.824445992787241977e+01 4.652873117533257386e+01 5.088150521639398960e+01 3.414423935272601796e+01 5.088150521639600043e+01 5.982577712639531597e+01 7.137278251018923925e+01 7.905878783912022811e+01 7.077606761376345901e+01 7.337089027852211132e+01 8.165350605938840545e+01 8.879811323237792919e+01 6.868268081777907241e+01 5.435926738253223078e+01 4.421690418760574204e+01 4.528766195999318711e+01 6.375865800629922830e+01 5.335954624306670979e+01 3.315783285427534821e+01 5.096994691379423870e+01 3.496289864105580136e+01 4.167666603215166532e+01 4.934489426986804261e+01 6.959647654239815040e+01 8.632609059796698148e+01 9.460518137140891781e+01 9.489100629077212545e+01 9.215392390228714703e+01 1.004186247182475711e+02 1.049845717879955629e+02 9.673180582877384381e+01 1.049845717879109515e+02 9.646643220307572619e+01 7.649693139364489980e+01 7.799214683907523238e+01
3.257643153035955086e-02 2.003257643153000345e+01 3.301002297188408363e+01 4.129429421966145952e+01 5.129429422010195339e+01 5.414423935272672139e+01 6.242851060018892184e+01 7.710321011664882462e+01 6.963046592448858974e+01 6.134691865035264868e+01 5.077382209522577483e+01 5.336949179730438431e+01 7.337089027852211132e+01 8.145018395627289465e+01 8.287974955201443095e+01 7.279623637963895533e+01 5.435926738253223078e+01 5.962375875305176010e+01 7.386078118983598984e+01 5.673494372011785458e+01 3.648255885781097163e+01 5.673494372011785458e+01 5.518695395808014581e+01 3.976583677762983626e+01 6.003133448700477004e+01 6.988451877930204148e+01 6.618936027851678716e+01 8.070571687649869830e+01 7.482997761480484655e+01 8.904233387518728193e+01 1.090109505580958427e+02 1.047185031613109345e+02 9.675925181575934175e+01 1.047185005041615256e+02 9.537365379066487492e+01 7.539090934959007484e+01 6.354416456939688373e+01
1.880098487986705744e-02 6.343356305216652835e+00 1.301002297188337842e+01 2.301002297188355428e+01 4.301002297188426127e+01 6.124877320528812419e+01 6.953451411577945862e+01 5.710065130826847479e+01 5.710065130826846769e+01 4.133386883454191008e+01 3.921228775302692782e+01 5.922776577923875863e+01 6.880035021087735458e+01 6.145177294841374760e+01 7.558487084618995766e+01 8.287974955201443095e+01 6.868268081777907241e+01 7.980221837720880274e+01 8.026127937763335751e+01 6.026445620199503139e+01 3.998895025571859918e+01 6.026445628259152443e+01 6.835051728728915066e+01 5.147850925174410008e+01 4.508391926343859524e+01 4.962612915193022189e+01 5.487852448600861521e+01 6.052163165316588334e+01 7.482997761480484655e+01 9.489100629170667389e+01 1.039740664020773693e+02 9.504353884000505559e+01 7.735358083619262004e+01 9.504353884000505559e+01 1.035845800731178912e+02 9.207456533196982207e+01 8.383661094420001803e+01
2.900726248362994752e-02 2.002900726248327601e+01 3.301002297188408363e+01 4.129429421966150215e+01 5.129429421991999050e+01 4.124789305806152129e+01 5.798654942596699868e+01 5.710065130826846769e+01 3.708143380294301750e+01 2.976331501600030904e+01 4.979237895188892793e+01 6.060953521271919442e+01 4.879337396388523729e+01 4.729937117409708236e+01 6.730917191966001667e+01 8.187930143080210144e+01 8.879811323237792919e+01 8.618909746685380924e+01 6.605112934002984559e+01 5.171048106276866463e+01 4.412529442947789704e+01 6.440378605012216440e+01 7.995836908044242364e+01 7.169706383747055156e+01 5.524503583401185125e+01 5.944215595123348805e+01 7.510765884611643628e+01 7.482997761479337839e+01 7.702690495001529314e+01 9.707455280901498895e+01 9.599543097059289209e+01 7.655026801658780755e+01 6.743308755864782711e+01 8.705641631160860072e+01 9.859580767475412699e+01 9.255652688710364373e+01 8.428152991893111334e+01
5.081304048347550645e-02 2.005081299799821792e+01 3.449156195277676318e+01 4.274505848781781481e+01 3.815402587532575751e+01 2.970086405202354385e+01 4.970125966825742125e+01 5.882354527040674697e+01 4.443935338084903464e+01 2.447058649104680583e+01 4.336145126645868686e+01 4.091070273156643111e+01 3.462508796384141618e+01 4.359138998513068941e+01 5.360054186197812243e+01 6.775069005111386389e+01 8.774415565383931437e+01 9.205051160272857658e+01 7.194940348433067356e+01 6.872511070904008079e+01 4.845630027056702716e+01 6.872511104249022651e+01 8.527623037575993692e+01 8.376455077726510012e+01 6.957489510345148176e+01 7.374786884429572353e+01 8.792080636343801814e+01 9.489100624755664626e+01 9.707455280901498895e+01 9.922712569488508905e+01 9.112907635513263926e+01 8.011852189173147565e+01 6.038349198273413521e+01 7.105868725065896285e+01 9.060231305722381023e+01 8.428152991893111334e+01 6.415770704009818814e+01
4.469920835086939326e-02 2.004469920835051511e+01 1.449925053847938017e+01 2.872503572830038365e+01 1.815385681557187425e+01 3.815402587532371825e+01 4.099689568610421730e+01 4.091153660095018552e+01 3.058800662269478821e+01 2.026195250883957044e+01 2.341234068880178398e+01 2.676902275055497427e+01 4.680417758763925207e+01 5.924248509040221222e+01 6.528091986771616462e+01 7.236466887181089191e+01 8.067010774021392194e+01 9.224808121555828677e+01 8.148669126511319405e+01 6.130886127059602586e+01 6.281870087935726588e+01 5.676176522354998610e+01 7.109262885427764900e+01 9.118858720530322159e+01 8.968202413421779795e+01 9.382567217079217414e+01 9.339040727248664098e+01 1.016736359966593142e+02 9.194257597894011269e+01 8.382572460611940812e+01 7.141768772622195627e+01 7.464500940723273459e+01 5.484804144602519216e+01 7.464500940723273459e+01 8.899836801915033391e+01 8.215788463309147005e+01 6.157589066317157034e+01
2.324776005098762310e-02 1.485792608305247731e+00 2.952263758518777870e+00 8.725766450367403948e+00 2.872585576561843723e+01 2.961353963337549544e+01 1.700646022970806470e+01 1.762114223888166009e+01 1.667364647129789645e+01 3.643269815355051122e+01 4.336145126645868686e+01 4.680417758763925207e+01 3.384932022561498854e+01 3.921320623753650381e+01 4.525371624944562399e+01 5.232900199226577342e+01 6.388795394548652240e+01 8.394412403342424511e+01 8.977547575724608464e+01 7.561026731523094213e+01 8.298444656326402935e+01 6.691454052834842514e+01 7.109262885427764900e+01 9.118858720530322159e+01 9.889853106686791762e+01 9.013009058480595570e+01 7.339783991497255045e+01 9.013009058480595570e+01 8.382572460755173438e+01 6.404359840894841227e+01 5.992659718768090471e+01 7.010327347102274587e+01 5.026582624575887337e+01 6.175283059070213199e+01 8.066997539495486080e+01 9.051902905897885887e+01 7.835711696360097278e+01
8.699724428260374731e-02 2.008699724428224798e+01 2.295225318608656906e+01 5.127976931400453964e+00 2.512795427553530558e+01 9.609115990845944921e+00 1.124153573068287137e+01 1.296824897399314658e+01 3.304428087917444401e+01 4.441442240192755975e+01 5.355617143352623799e+01 6.183734235912508836e+01 5.388943125870698481e+01 5.924248509040221222e+01 6.528091986771616462e+01 7.236466887181089191e+01 8.066946267300640727e+01 8.511090909373747593e+01 9.341334075004434112e+01 9.567363378894803816e+01 8.704265703335292415e+01 8.704265703335290993e+01 9.118858720530322159e+01 9.945983189724189799e+01 9.061564180698709947e+01 7.062493829084623087e+01 6.186064955374256158e+01 8.184769312683414455e+01 8.382572458622523470e+01 6.404359840894625222e+01 4.994642306406873189e+01 6.135600177143674472e+01 4.618698326979136937e+01 6.049429642355811865e+01 6.903226108326772703e+01 7.926907644384185403e+01 9.097623660067098683e+01
2.249585233037712170e-02 2.002249585233002094e+01 3.337118513510016271e+01 2.505644769998326993e+01 7.329904461653166337e+00 2.732120734930348149e+01 3.129140817594764101e+01 3.304428087917444401e+01 1.637606030079767550e+01 3.617795273207487838e+01 3.362615117293569966e+01 5.031973881574272411e+01 6.268686190293878013e+01 5.440396303343771223e+01 6.268668233310138760e+01 6.729434939879476474e+01 7.245852017251407062e+01 6.510909621520009694e+01 7.925134717258160322e+01 9.928117915031634766e+01 1.070375266369130003e+02 9.485222943246978389e+01 8.656811421017586383e+01 9.485222943246978389e+01 8.819204530285360022e+01 7.429330073571813386e+01 5.430843049293947900e+01 7.429330073571813386e+01 7.840649046975950398e+01 7.012547297579870076e+01 6.135600177385499165e+01 4.142685699328634996e+01 5.535943554809221467e+01 4.053512014184990164e+01 5.052305209265813346e+01 7.064019691217761476e+01 8.276087886706173435e+01
2.739267172789772165e-03 2.000273926717243356e+01 3.836824559306602112e+01 3.553971396938158733e+01 2.732985730092597620e+01 1.802035270756612917e+01 3.801862164248808540e+01 4.413344633619399815e+01 3.015923691771848425e+01 1.973316851277548878e+01 2.233274789754092637e+01 4.204956887282110500e+01 4.896575473767627074e+01 3.442273183516841328e+01 5.440393759338395085e+01 4.729243567070462717e+01 5.245731004006452736e+01 7.245864831721958410e+01 8.314124028318639148e+01 1.030910428171566053e+02 9.411091838257168263e+01 8.485188688074941865e+01 6.656698930243013024e+01 8.485188688074941865e+01 7.991015238423103995e+01 5.992257913294144345e+01 4.876540578729446196e+01 6.875049501311563915e+01 6.686669131500509877e+01 5.013968798925365888e+01 5.602971379142169184e+01 3.608814471264155088e+01 3.561785825732182076e+01 5.571223743963473396e+01 6.902296347454081626e+01 7.925917469196032528e+01 8.649739673558688935e+01
8.327778614586213435e-02 1.008329195602730088e+01 2.422634130953016296e+01 4.423748792802429364e+01 4.629236740910314296e+01 2.956732645020191086e+01 4.629236740681740514e+01 5.685020120665816989e+01 4.407997733472029012e+01 2.442980892340210630e+01 4.204956887282110500e+01 2.621144836063315253e+01 2.904130119828251111e+01 4.896574067280099030e+01 4.043514574628827063e+01 5.198045988202372314e+01 7.198107125939050377e+01 6.315040974727841672e+01 7.729180530499336044e+01 9.727912623614390952e+01 8.582680063927129765e+01 6.582578926916988848e+01 5.656630525729517700e+01 7.656755175630296151e+01 7.772325381949544010e+01 5.773633383511459272e+01 4.360501756323035494e+01 5.742275437694028994e+01 5.342602183849631814e+01 3.860379312887367576e+01 5.106935807715191089e+01 3.109690224346256926e+01 5.092575719093165532e+01 5.190031212907015856e+01 6.592415074327894331e+01 8.536941993625323732e+01 8.308558096219762490e+01
6.510866554257997707e-02 2.006510866554222616e+01 3.244431704018867180e+01 4.000360649992348527e+01 4.828787739904412746e+01 4.956330557825663874e+01 5.783094125459718526e+01 6.053242752403402704e+01 4.055581913593870524e+01 4.422159507332169426e+01 3.277794426004949457e+01 4.605947505626244975e+01 4.896575473767627074e+01 3.604630015849250668e+01 5.603163800829510421e+01 6.871625446074071419e+01 8.026124775931901922e+01 8.314581834188732046e+01 9.141756346641977871e+01 9.144819031289701172e+01 8.363895438305479502e+01 6.363785763379778615e+01 4.949532211311658614e+01 6.949604324048692661e+01 6.832643774551925731e+01 6.524057437499884315e+01 5.742275427594143622e+01 3.743908046556438762e+01 3.344551138764283138e+01 2.967257199291240610e+01 4.480465206923822308e+01 2.847547606142125076e+01 4.844889956548794174e+01 6.188169222503993439e+01 7.016507153875437552e+01 8.016328967879364598e+01 9.127532879374687980e+01
8.953482861371392376e-02 6.119761720168961361e+00 1.244431704050566623e+01 2.000360650069007917e+01 3.414574212442052925e+01 5.414574211890276700e+01 5.952803619471641383e+01 6.781230824462151929e+01 6.053242752814924899e+01 6.101271934840015376e+01 4.272569879896474276e+01 4.537543741100599703e+01 6.431454190769785839e+01 4.757871930589832488e+01 4.497594412118516516e+01 5.392001122389561374e+01 6.546874620298135028e+01 8.546523474720271452e+01 9.144819031289701172e+01 7.144730166927881498e+01 7.511753311986664983e+01 6.433187925125727702e+01 4.433285559656931696e+01 5.747227072923620739e+01 4.832775644778811852e+01 4.524368518024876096e+01 5.938427411889657037e+01 5.742275291256133585e+01 5.342601443163992059e+01 4.480480642146405756e+01 2.482912517061042834e+01 4.480480642146401493e+01 5.119611214709032510e+01 4.189080240972806735e+01 5.188405829237693467e+01 6.602187614658625137e+01 8.602046141546342994e+01
