LEM/with_lateral_4open/elevation_000003.asc
nrows	100
cellsize	150.0
xllcorner	0
ncols	100
yllcorner	0
NODATA_value	-9999
[rows 34 to 50 of 100, columns 37 to 73 of 100]
7.363572358295218123e+01 7.953404355456629560e+01 6.747923907239184871e+01 4.713574961195809720e+01 6.429401653418850060e+01 6.743915696476949506e+01 5.173057640652621814e+01 5.513965223228083801e+01 7.566718593886118072e+01 8.947032146985392842e+01 9.973382589097693085e+01 9.211012606514920265e+01 7.207332942411548515e+01 6.059107723095097953e+01 7.498052719991383697e+01 8.328851993457600145e+01 7.379499183825267039e+01 5.353280407935949370e+01 7.379499181013362374e+01 7.721233391373452548e+01 6.565699193598190675e+01 8.580217378381320259e+01 9.561748430328727011e+01 1.040531973661982619e+02 1.135736979407778762e+02 1.050088266733388735e+02 9.348189842399460758e+01 7.286716918745874239e+01 9.348163965569088418e+01 9.728242655364827840e+01 7.780807407061851677e+01 6.363700960743442181e+01 5.365204236580942876e+01 6.513021431050792387e+01 6.356214912187862609e+01 5.275112532633348650e+01 3.283171229079508180e+01
8.471058032090276413e+01 7.114760977723585711e+01 5.079208977357255606e+01 6.747923907239184871e+01 5.412655958037792914e+01 7.445018617200088329e+01 7.219743130758925531e+01 7.566718593884601773e+01 6.036198839179199638e+01 7.070425073313053588e+01 9.128625286151485341e+01 9.471769176105158294e+01 7.467485615080798311e+01 8.054526678683731689e+01 6.760239484298990931e+01 8.748889691844543393e+01 7.662217430485146963e+01 5.639188066243728059e+01 7.662217430400239948e+01 9.412278592494919849e+01 7.991339806312565486e+01 7.730228721734735586e+01 9.153150900867176176e+01 1.116141535937163525e+02 1.025816841330768341e+02 8.596606932119733813e+01 8.720561828855588260e+01 6.681088353343503172e+01 8.717899049180246607e+01 7.715471430028027555e+01 8.281341957303733636e+01 7.929360622447444484e+01 5.926354525872513790e+01 4.516000865666729425e+01 5.527324977616098067e+01 3.534133496216252013e+01 5.275112532644437380e+01
7.608172855982579108e+01 5.579491084984280036e+01 5.419238661317832850e+01 7.456020825766199778e+01 7.445018617200385336e+01 6.183527521180501907e+01 8.211532569771173939e+01 8.523087867485217828e+01 6.448920959666513397e+01 8.523087867108701232e+01 9.973384256355166144e+01 1.030223480579578563e+02 9.471769176105260613e+01 7.564828321296238300e+01 8.748889691844456706e+01 9.577787284335013851e+01 7.953035715460630684e+01 5.933935838410877750e+01 6.763851820163995399e+01 8.773451049670434543e+01 1.000194258027082697e+02 9.153150900719664662e+01 1.057273734752749306e+02 1.037290065208570411e+02 9.437131668953747976e+01 7.445469780177973007e+01 8.168158984450890614e+01 6.146122526708810341e+01 7.396854292341188852e+01 6.296596559490864564e+01 6.274195123623672998e+01 6.589714824631568035e+01 6.324881560031288075e+01 5.783812377148151995e+01 3.789562751954227338e+01 5.527324977622241420e+01 6.253265210716852351e+01
6.163485670049991683e+01 7.608172855982563476e+01 7.456020825768297300e+01 5.922321132611573091e+01 7.960758306653484340e+01 7.619514993381376655e+01 7.093189321135920977e+01 9.116291549390474813e+01 8.523054783378354671e+01 7.090457790635433355e+01 9.160836257513344094e+01 1.101883539697430194e+02 9.216087160764060116e+01 8.231869277964597131e+01 1.024132597437829872e+02 9.689902368694161794e+01 7.683190085641223277e+01 6.255258786999733189e+01 8.270942487748611427e+01 8.186143068087747565e+01 1.019133776288701512e+02 1.116141502957274128e+02 1.096121482453832101e+02 8.955839712842927725e+01 7.535999201599265973e+01 6.867485850054310959e+01 6.289568687895546617e+01 5.831203392811251973e+01 5.440179039335332334e+01 5.143521024146464526e+01 4.862375606275872997e+01 4.591905147003265597e+01 4.328525896282541652e+01 4.069501244941669427e+01 5.131518154146319688e+01 6.559103073198191680e+01 6.712411434790907094e+01
6.927222133545916449e+01 9.062190368676179730e+01 8.329416858150570135e+01 6.289441923542872104e+01 8.329416857436555688e+01 9.640789431869029613e+01 7.810402859342897841e+01 9.830506047701351235e+01 9.685446824939764099e+01 7.572110882093683415e+01 9.260948063549277265e+01 1.159433442542216852e+02 1.099153195632650721e+02 9.133870415005434040e+01 1.107069931027733247e+02 1.006226792768653127e+02 8.056086973582719679e+01 6.629491966382397550e+01 7.336496044951549322e+01 9.343996775099351737e+01 1.019133765604288868e+02 1.219445612784784174e+02 1.096121445181417045e+02 8.955839712587622614e+01 9.543200284323314975e+01 8.286520505347924370e+01 7.097925603802478633e+01 7.836681220276113891e+01 7.444562090183704584e+01 7.145455672331084429e+01 6.862074820501800332e+01 6.589714822876517530e+01 4.698559756112610586e+01 4.503562528536212994e+01 6.478494740031004540e+01 7.767041679607059734e+01 7.213115683482037355e+01
8.026226770539958011e+01 9.910338411523099467e+01 8.718064639145258354e+01 6.675601509573253622e+01 7.855433653471642685e+01 9.896440815570817051e+01 8.715320836593278386e+01 1.066502604170819382e+02 1.031885890476324477e+02 8.182252337218044147e+01 9.300066122078091269e+01 1.140056131764884242e+02 1.196650730547037114e+02 1.029168766962871473e+02 1.095948233762438235e+02 8.955307907752373353e+01 7.795533707923868860e+01 7.076761452000286567e+01 9.092098707394548285e+01 8.607270233665306591e+01 9.765238165116379321e+01 1.176805019029045951e+02 1.178996854269488779e+02 1.096121440881602354e+02 1.112200913005114131e+02 9.940218763947012803e+01 8.257630527744068161e+01 9.521464670981694667e+01 7.512160292453233978e+01 6.693813086636708931e+01 5.937970391913802359e+01 5.362207278831132129e+01 6.696611860124085069e+01 4.959849933895125673e+01 6.112781656188950308e+01 8.118521084406361865e+01 7.769020547536167953e+01
9.501937210595366423e+01 1.033183093558564281e+02 8.283493618042218998e+01 7.101560135082713998e+01 9.149312284189007016e+01 1.073878830093501762e+02 9.881268012636398623e+01 1.156673906221385124e+02 1.105186390905770821e+02 8.857900846243065018e+01 1.050692819242342182e+02 1.225890702399281622e+02 1.312209184306504142e+02 1.229241071251779545e+02 1.179129350334630999e+02 9.802626150481154355e+01 9.724225471450715474e+01 7.703031429190359347e+01 8.088598059448992217e+01 9.508852493378563508e+01 1.144190986907433825e+02 1.259865671604183319e+02 1.266017559124911287e+02 1.182297679290604009e+02 1.160287355684567530e+02 1.110111045280273174e+02 1.026940104380056198e+02 9.152870358159982800e+01 9.521464641462249290e+01 7.573943628721795562e+01 7.942460519523145024e+01 6.255136437429219143e+01 7.477846160704174849e+01 5.474129229138264918e+01 7.477846155463619482e+01 8.949154309002898344e+01 8.403482165805314708e+01
1.154301632825496426e+02 1.117832756555947924e+02 9.149327489315206208e+01 7.936834482819115522e+01 8.019735688627031323e+01 1.009800086509751509e+02 1.189580461895672414e+02 1.272955117299755443e+02 1.197550820114666124e+02 9.959179219095706515e+01 1.197642296059802618e+02 1.381157237249835248e+02 1.446172476227390860e+02 1.365282992074563708e+02 1.264645487407829307e+02 1.114901963365091433e+02 9.092890566307319489e+01 8.721625380581637899e+01 9.093720900266009721e+01 1.092578223355231870e+02 1.234270980889133540e+02 1.194855517668548970e+02 1.111292871761784227e+02 9.817972206264963120e+01 9.598967775624433330e+01 1.101925662456700081e+02 1.199043971650108205e+02 1.116151593254096781e+02 1.041268175646721375e+02 9.582172648540911553e+01 9.092007329596201259e+01 7.411840862096748594e+01 8.308552620001111677e+01 6.629462182110047763e+01 6.474273769709594717e+01 8.480925732382009130e+01 9.238488317149119666e+01
1.198731099568602758e+02 1.204413635211399196e+02 1.083105288862649900e+02 8.961849934236992965e+01 1.009782918427566756e+02 9.137394527505955466e+01 1.037523635251862260e+02 1.261971379100811532e+02 1.321930749131457219e+02 1.231979190149782255e+02 1.315585108302309436e+02 1.281486945964360018e+02 1.335197825816251509e+02 1.173970369808787666e+02 1.334859445747552797e+02 1.200450609631666055e+02 1.098474932573647038e+02 9.882661507065245132e+01 1.051106779853355562e+02 1.192758989128322327e+02 1.253297796260866903e+02 1.052472578555661045e+02 9.108656622629605693e+01 9.845315530444548813e+01 8.180758750139284530e+01 1.018589785912518693e+02 1.100598208949522814e+02 1.017553493227351424e+02 1.067765924071347001e+02 9.848362049827400710e+01 1.025120713372659793e+02 9.420394475966392633e+01 9.466952764150813948e+01 8.636760221678690641e+01 7.893274897794708522e+01 7.893271194521621226e+01 9.900292440104713876e+01
1.143091935628249871e+02 1.256745339274832105e+02 1.185331982203768604e+02 1.100903718489258978e+02 1.185338586892669923e+02 1.075763374864691855e+02 1.220783656586150130e+02 1.346011443106072818e+02 1.339083591255718204e+02 1.282042733515654334e+02 1.297223412303884515e+02 1.119147992946688248e+02 1.159986835334025699e+02 1.067594925893351956e+02 1.209658080701994294e+02 1.388997097357926691e+02 1.271533160270825391e+02 1.188377627043019231e+02 1.251301638818953279e+02 1.162043782176714188e+02 1.061559278632606862e+02 9.781774528045097838e+01 9.845315698422997741e+01 7.836077713225422769e+01 7.464887017135876590e+01 9.476974221496907091e+01 1.017553486433908603e+02 8.183555752669521155e+01 8.766992205040092756e+01 7.856242831094634482e+01 9.110770316013436343e+01 9.939074629057891741e+01 1.005793248731658025e+02 9.661087734074887123e+01 9.900899873815824037e+01 9.900625064614919779e+01 1.072717214994675601e+02
9.782717705887770876e+01 1.174549863108635748e+02 1.095826430422638680e+02 1.070124890999384917e+02 1.153159834503858718e+02 1.268759837608468217e+02 1.401207149727621868e+02 1.365979358867944313e+02 1.283902724931422483e+02 1.102722041907403820e+02 1.158118183497028753e+02 1.159986835333992161e+02 9.725201454873050011e+01 1.159986835333993582e+02 1.257187809620775596e+02 1.353780923158415135e+02 1.437441688156031319e+02 1.358166926945043258e+02 1.220421307201758907e+02 1.019653833218971073e+02 8.779039588926011106e+01 7.770013296599825026e+01 8.706435602661400708e+01 8.840696460277872859e+01 6.818028842616799068e+01 8.840696460277872859e+01 1.057234163266376186e+02 8.766991960857984623e+01 6.761911130278285498e+01 6.692250514441666098e+01 7.108893426134171989e+01 9.110773091279791913e+01 8.063131794111289707e+01 7.664584300929469407e+01 8.853319079383975065e+01 9.517864704585704771e+01 1.035018314898040046e+02
1.143091941466726951e+02 1.038300015552272413e+02 8.979574535318157302e+01 8.723390741967818940e+01 9.862813184129637989e+01 1.184751455775171252e+02 1.365979358867941187e+02 1.184347052477400126e+02 1.223653671307192354e+02 1.148547625678101838e+02 9.710345519083543309e+01 1.111925072202489844e+02 9.232991069973080300e+01 9.858210711818855998e+01 1.080574173881352209e+02 1.272663147049425731e+02 1.328964930255179411e+02 1.171690869716807128e+02 1.217239523109437727e+02 1.071571064533410720e+02 9.804464648250343828e+01 8.706435549858781542e+01 6.679513425538442561e+01 7.799964451477656269e+01 6.366820296881721220e+01 8.399314202616452008e+01 9.743380925779477764e+01 7.750867159167464138e+01 6.585523593960566302e+01 5.669499326258672056e+01 7.084450064115910095e+01 7.915428833947635212e+01 6.639021630838676913e+01 6.234845403402812991e+01 6.850432131993164830e+01 7.524628800537999496e+01 8.523360111463435373e+01
1.038073070537569862e+02 9.559130673357526575e+01 7.580652615854775433e+01 9.559104706031217802e+01 1.031176726337232310e+02 1.114323291638452105e+02 1.230131936512141948e+02 1.223653671307197612e+02 1.037013341388958594e+02 9.606589505286932251e+01 8.937324612469326723e+01 1.015012597035018018e+02 8.766487944626567241e+01 1.010472588548960005e+02 1.201631104438344408e+02 1.353780998620761977e+02 1.250506205393144938e+02 1.065230797711476782e+02 1.120263089212057679e+02 8.810240770913726749e+01 7.652587919995343668e+01 6.950975838126539941e+01 6.299340410768269294e+01 5.753789101353187618e+01 7.385839760124518705e+01 8.220734012668918922e+01 9.259145213175939659e+01 9.420486034145990573e+01 8.523999035942860303e+01 7.084450064114945178e+01 5.049204900671152529e+01 6.876129532557460777e+01 5.459110444479063062e+01 6.639021630847175004e+01 8.647395955200079243e+01 9.517864603322453831e+01 1.035018314893739415e+02
8.398944634462981185e+01 8.403244126779085832e+01 7.005214208552862942e+01 7.635314327610410601e+01 8.336159346017161909e+01 9.475455357297937553e+01 1.145913388963275708e+02 1.187736395977840260e+02 1.101762804484466471e+02 1.021548446258360201e+02 9.750796673371017675e+01 8.241648758858858059e+01 1.015012597035018160e+02 1.146402862452059566e+02 1.141072488052321319e+02 1.221644312526573941e+02 1.175758173255003385e+02 9.907429621060886404e+01 1.170174306712649042e+02 1.071557819143326924e+02 9.804455566168921621e+01 8.284135263398906091e+01 8.014499740133324224e+01 6.770386886746460675e+01 5.337375367329882891e+01 6.402165973644451924e+01 7.830636067373745846e+01 8.887333752794691577e+01 8.300863559546070292e+01 6.685305685350576255e+01 4.649670461582656600e+01 4.841464559899807085e+01 6.876129532557277457e+01 8.317993905391099929e+01 9.476415989894373126e+01 1.132277083066066865e+02 1.097525347215447624e+02
7.862081272405772836e+01 6.414973872794179499e+01 8.403244126780249701e+01 9.613563234941726421e+01 1.031297603262540150e+02 1.114283580739888180e+02 1.218527967436212407e+02 1.025817418319378191e+02 9.155026078701310155e+01 8.299469254396876750e+01 7.832073884725393498e+01 9.413430597169327996e+01 1.021581123135821514e+02 1.005111669775924668e+02 9.487948548948463667e+01 1.141072488052312082e+02 1.113166600644229902e+02 9.262605402992090831e+01 1.113166600644241271e+02 1.132851291681439392e+02 1.159132649655569196e+02 1.049119672299759145e+02 9.447739625867818347e+01 8.149785183044133419e+01 6.995331276213042315e+01 4.946145606252314764e+01 6.027316847934262967e+01 7.457108020870310838e+01 7.470624968382657016e+01 5.444082497149138788e+01 4.271420799369477805e+01 5.923787545601611981e+01 5.923754166807238875e+01 7.942930458399325744e+01 8.499120583774138993e+01 9.910959536079757015e+01 1.013430428018574219e+02
5.867960643992803682e+01 7.862081272412747524e+01 9.225335725756215766e+01 1.018238470711060302e+02 1.018237548995690958e+02 1.216517063798859084e+02 1.299242971955226551e+02 1.117512670514839073e+02 9.255842220022890388e+01 1.021548438972366739e+02 9.413429760739069252e+01 7.485059499589841892e+01 9.091340972416777788e+01 8.127054085158613361e+01 9.486729837529289000e+01 1.140461670471070335e+02 1.058629881589383643e+02 8.702908415625486782e+01 9.867926238268914574e+01 9.487510023186757735e+01 1.132850802295070167e+02 1.024624828846066862e+02 9.092535316488060460e+01 8.191993448419863455e+01 7.360625221346286651e+01 6.621308858297122413e+01 4.575591024217786895e+01 6.621308855472207711e+01 7.288072825747343586e+01 7.134664948230258119e+01 5.923787545601494031e+01 3.909011869331233413e+01 5.330782170810902443e+01 7.355429165174648176e+01 7.081618526840047423e+01 8.910642169446697380e+01 8.926802439075252948e+01
7.862081272410429733e+01 8.684261059250407300e+01 9.039860716752433234e+01 8.203463576096035581e+01 9.602323813525832463e+01 1.158278011260637612e+02 1.254230798044544741e+02 1.060882167869822865e+02 1.060882167869823007e+02 1.098659048680237049e+02 9.059871198460798780e+01 9.091340972417469857e+01 7.151447540150289228e+01 8.496623978014380896e+01 1.031871390953188978e+02 1.110014494744376350e+02 1.029279317247119536e+02 9.867926238268698569e+01 7.963081103682165462e+01 9.867926238268698569e+01 1.121362354720120464e+02 9.419199034350702959e+01 7.418073969100613851e+01 6.243627427278865838e+01 5.322493430430596106e+01 4.808156736583460855e+01 4.330491324907849560e+01 6.056839799209224395e+01 5.260316889124988649e+01 5.656703897118778457e+01 5.463147244165794092e+01 3.672835244629749951e+01 5.673880275485305447e+01 7.436854650842174408e+01 6.068190565255431324e+01 6.919432747485282675e+01 6.919432747485276991e+01
