LEM/with_lateral_4open/elevation_000047.asc
nrows	100
cellsize	150.0
xllcorner	0
ncols	100
yllcorner	0
NODATA_value	-9999
[rows 17 to 33 of 100, columns 0 to 36 of 100]
5.222468517465790605e-02 2.495613572300757532e+00 4.957443391887402129e+00 7.477206545282239603e+00 1.008098476489869455e+01 3.008098484721561050e+01 3.702982401177690264e+01 2.280332657989291434e+01 2.716768438461283708e+01 3.188172959252323579e+01 4.602386521938026931e+01 6.602386680726368695e+01 8.085650800170552088e+01 7.952771864803615642e+01 5.964272283807730446e+01 6.695134304356118093e+01 4.859419512339504621e+01 6.852704882602905911e+01 7.983654042735422252e+01 6.232264698087610810e+01 4.220476616532992153e+01 3.068573533063906567e+01 4.336024468945805665e+01 3.900264265703867750e+01 2.087148173285864416e+01 2.980381961047684669e+01 3.978504397739323650e+01 5.387141209730123137e+01 7.360435004534483028e+01 8.042788810375355979e+01 7.673544443787007197e+01 7.524971833356953255e+01 8.350391508619297554e+01 8.878348010911203403e+01 8.055742720774651389e+01 8.109264347310595156e+01 7.288198829897250164e+01
7.333276091007127906e-02 2.007333276090971452e+01 2.495744331375500735e+01 2.747720651694329419e+01 2.422312032408065008e+01 2.422312039480936718e+01 4.422312387504086928e+01 3.694546220491350397e+01 4.716768461860134209e+01 4.602386521817340537e+01 4.453084023366080402e+01 5.867297588300417743e+01 7.867298033741765551e+01 8.773073682925708283e+01 7.371962857467262609e+01 7.516247052111783944e+01 5.525620543586699540e+01 7.516247052111783944e+01 7.130708994702331438e+01 5.113060102481532709e+01 3.960770466235176457e+01 5.067222829117723393e+01 5.186963101872780868e+01 2.808757401060032777e+01 2.218956176569819050e+01 4.214722990604641240e+01 5.253998776872886367e+01 6.776434979429708960e+01 7.459390714548382562e+01 6.057193436730414504e+01 7.459395764299266318e+01 8.604936462352044657e+01 9.610451162634383593e+01 8.055742720774651389e+01 6.078005212913485877e+01 6.657271117559041329e+01 5.303033616438034414e+01
6.343274376862209629e-02 9.007704653767858005e+00 2.055471003777581984e+01 4.055471365584575238e+01 4.422307445950577431e+01 4.422312236280904330e+01 5.250746013188190631e+01 5.694546281528350562e+01 6.110346498044503960e+01 6.602386378257699562e+01 6.453084151717939676e+01 7.281515581469410847e+01 7.711780633330951673e+01 8.538605362227373519e+01 9.354968847463460691e+01 8.336868098028963914e+01 6.523347211839150361e+01 8.336868097845143666e+01 7.395477743003206683e+01 5.373634766250985706e+01 5.965818863648505044e+01 6.789946605135612856e+01 5.585902371189703786e+01 4.453989523800142791e+01 2.491329059616615638e+01 2.435238018924197689e+01 4.430028213673308812e+01 5.273063534954120257e+01 5.643097416861509430e+01 4.647433995535376994e+01 5.798946272531090784e+01 7.785968913802049940e+01 8.786025944947590460e+01 6.812931072030949053e+01 5.667683146185571275e+01 4.662681530524313445e+01 4.145967764426627866e+01
3.497053469895897854e-02 2.003497053469860489e+01 3.729199919492429416e+01 4.883908057383418111e+01 4.783437784535002635e+01 5.365757413689346578e+01 5.305839622200628014e+01 4.478338357614426002e+01 4.111552889510139863e+01 6.110346497932609111e+01 6.272957892705434091e+01 6.708648053449994109e+01 5.716297382485206668e+01 7.386402954452029235e+01 8.696127589594239282e+01 9.328715607300134138e+01 8.509146892385687977e+01 9.328715605307587566e+01 8.249843178758682427e+01 7.395477743005241678e+01 7.210106344110739940e+01 5.268614821626948697e+01 4.876190744722735815e+01 2.886959808293905994e+01 4.484714916836824727e+01 2.607389681301630802e+01 2.927140538471180875e+01 3.280018280283306353e+01 3.650404007257449024e+01 5.643097416861509430e+01 7.078801062016643186e+01 7.898692540592342937e+01 8.890180745615887759e+01 8.055742720774651389e+01 6.078005212913485877e+01 6.657271117559041329e+01 5.561202074902931969e+01
9.635555453094322986e-02 1.423849117826176780e+01 3.423849117826105726e+01 4.231966291003380576e+01 2.851565056927498887e+01 3.417397479469865829e+01 4.478338357608674158e+01 2.474104760396652836e+01 4.081089595498578859e+01 4.459916493813843630e+01 4.275302472133466125e+01 4.712064910668996731e+01 4.562966801884115142e+01 5.873557113662118212e+01 7.406001917794318956e+01 8.403773215924175588e+01 9.576542283430124769e+01 8.760829697741301914e+01 8.590672801336137354e+01 8.012816909039757718e+01 6.537097296003561553e+01 5.282038240608464719e+01 3.293082488056380441e+01 4.876190742406911482e+01 4.772667053416388683e+01 2.780078357950774759e+01 4.772667053650552305e+01 5.273063537094158448e+01 5.643097416861509430e+01 4.334243444203546147e+01 5.088140918194189766e+01 6.085828612661430981e+01 8.071773511371848997e+01 8.878348010911211929e+01 8.055742720774651389e+01 8.367077704507526903e+01 6.426273397505018181e+01
8.845047570523793812e-02 2.008845047570488163e+01 2.333003104033081598e+01 2.497400496042777363e+01 1.477825663234305686e+01 2.955246814964138835e+01 3.266456702746362595e+01 1.714442678916721619e+01 2.075133604086941119e+01 2.455352968077087894e+01 2.857973676157949683e+01 3.296792855192435212e+01 3.875787058180727485e+01 4.583069886841638407e+01 5.581650181666095278e+01 7.577045847178459326e+01 8.760829697552773609e+01 6.781773880448415071e+01 6.609859116377627686e+01 6.028734971219962091e+01 5.716253851284081833e+01 3.726427947418961395e+01 5.282038240608464719e+01 6.102756799194500559e+01 4.946158940448219710e+01 2.954515492739376370e+01 4.363264983846998035e+01 6.353389443903748912e+01 7.147541023531219651e+01 5.744340534150754252e+01 5.485883576044381016e+01 7.474572110543985559e+01 8.890180745615879232e+01 8.328348709541111816e+01 7.503386785643611745e+01 6.800617020174624372e+01 5.600508554502877701e+01
8.023991185656004221e-02 1.702454123164183653e+00 3.330031040706499024e+00 4.974020913760065277e+00 6.640687580427267811e+00 9.589655376728297043e+00 1.260580427697839845e+01 3.266456702751681718e+01 4.081089595498695388e+01 4.459916493813843630e+01 4.860402198236621274e+01 5.296850573989665634e+01 5.873557113662118212e+01 6.579348014194310679e+01 7.406001917794318956e+01 8.403773215924175588e+01 8.760829699124265346e+01 6.781773880448477598e+01 5.372967081826984526e+01 4.619160687975729473e+01 4.194849208844846089e+01 5.134104625479454853e+01 6.537097287633636711e+01 6.258039397731531750e+01 4.280790665701637465e+01 3.131414554976022657e+01 5.122286508649806080e+01 6.131748260027944042e+01 6.954451456509997342e+01 7.731623532004999788e+01 6.636695537617259788e+01 8.293915087756255389e+01 8.649154771200943514e+01 6.664626406529784219e+01 5.515653718539642369e+01 4.803466886002279068e+01 4.267813273275406516e+01
4.598823041778624804e-02 2.004598823041743216e+01 2.333003104033080888e+01 1.911615653749063881e+01 2.664368508846693828e+01 9.622043879270625766e+00 2.535576916662575186e+01 3.329990173342896753e+01 5.505393660746854323e+01 5.195890601850896928e+01 5.748128653442761049e+01 6.377781966250515211e+01 7.082164214576052075e+01 7.907701586844365238e+01 8.799296392405678091e+01 9.950325702735726452e+01 8.689466086266673983e+01 6.710074899003095084e+01 5.559400684713209984e+01 6.609859116377627686e+01 4.747056223944012032e+01 6.737486939686425558e+01 7.940089905739887399e+01 7.062732090342284152e+01 5.930704371431216515e+01 4.998067434198012648e+01 3.388365348429380930e+01 4.140245704128852822e+01 5.549295924372215438e+01 7.538221682898191034e+01 8.619132794397732766e+01 9.437227455705101420e+01 9.476147313356545965e+01 7.503386785643611745e+01 6.435968285762797336e+01 6.800617020174624372e+01 5.425180898932254792e+01
7.340434288523949025e-02 2.007340434288488495e+01 3.434965732287372475e+01 3.911615653588886943e+01 3.174223534214918274e+01 1.175389488142268668e+01 3.172270042663270218e+01 4.297256060950972056e+01 4.349704047214466129e+01 3.204009401393034295e+01 3.757006042165996718e+01 4.386643361507535843e+01 5.089870357222401509e+01 5.979826056856979477e+01 7.130891213439493015e+01 9.125647728870747244e+01 9.505137124923312797e+01 8.364057749451261259e+01 6.556404241495496876e+01 7.337098723665052091e+01 5.348411416385763317e+01 7.337098723665052091e+01 8.602200158447512024e+01 6.782739207645320789e+01 5.721991698788451686e+01 5.566778686355776529e+01 3.576282159310800068e+01 5.566778917573704177e+01 6.131818815429903680e+01 8.118636864672978959e+01 8.700692310823573905e+01 9.514195732256585814e+01 1.031998297465589900e+02 9.249661491594986273e+01 8.423117823658957093e+01 8.241803691772312845e+01 7.416606031141726874e+01
3.515918393995972474e-02 6.065386075495258211e+00 2.606538607549561348e+01 4.434965732288364393e+01 4.002423821672373094e+01 2.588634664994915369e+01 1.487631852481939276e+01 3.486066837654286132e+01 2.475329146206801312e+01 4.468558424943386598e+01 5.748128653442498148e+01 5.591344004914285648e+01 6.091094488564271359e+01 6.645513409563858431e+01 7.277712968498204305e+01 8.033472971381270611e+01 8.861650943251162005e+01 9.352696281165572145e+01 7.959643635029368625e+01 8.038738468745204102e+01 6.054201581960519718e+01 8.038738468745204102e+01 9.370153780377869168e+01 8.294862361357463953e+01 6.495089483809610442e+01 4.514487365005550146e+01 3.766646223887020284e+01 5.758840066979163907e+01 6.672008633509618392e+01 7.301946756163266627e+01 6.722772057278726265e+01 8.700692310823573905e+01 1.024239400615186781e+02 9.539622319823637042e+01 8.527916488873783862e+01 7.688083245475236538e+01 7.026373197912663215e+01
4.608085242692564615e-02 2.004608085242657012e+01 1.606538607549543585e+01 3.606538607549614284e+01 5.416212978508453801e+01 4.305320041372613105e+01 3.441728654350458072e+01 1.809695633444767893e+01 2.086688087523844715e+01 4.084979854135103494e+01 4.924985290310337405e+01 3.592267861104140536e+01 4.092092553964333490e+01 4.646527561812417417e+01 5.278522426511819532e+01 6.033919952903230666e+01 7.447808522645401297e+01 9.447392026519175090e+01 9.930601613335289812e+01 8.855091184984541997e+01 7.203811962311394268e+01 8.855091184984541997e+01 8.780620856684240039e+01 7.541359322849224611e+01 6.072062840069048661e+01 4.277885621153332352e+01 5.758860831429396399e+01 4.104726335268192372e+01 4.678801929354960265e+01 5.309804296303856574e+01 6.310570220082668413e+01 7.461906454149954016e+01 9.429744687394033065e+01 8.698080385649249990e+01 6.678086105301213138e+01 5.702953102787526518e+01 5.068118480856018948e+01
1.610643649003322755e-02 2.001610643648967880e+01 3.606538607549614284e+01 3.020752169922663555e+01 5.020752169922734254e+01 5.230943265815798782e+01 3.224570978480432615e+01 3.222423688255086915e+01 4.084979854135103494e+01 2.490113533186874406e+01 2.925992471478960510e+01 4.924985290311076369e+01 6.091094488564271359e+01 6.645513409563858431e+01 7.277712968498204305e+01 8.033472971381270611e+01 8.861650943251162005e+01 9.009862138930354547e+01 9.849881948933311548e+01 9.994305333200955488e+01 9.179269286826772145e+01 9.433982546234675226e+01 7.959704791759328657e+01 5.978262031056338799e+01 4.835002789221121589e+01 5.422042941627022827e+01 6.913557825529112222e+01 6.090924597254563366e+01 4.487078384563029942e+01 5.483470430845068933e+01 6.617937379797562869e+01 7.957833894856736379e+01 9.842223972294463863e+01 9.539622319823637042e+01 8.527916488873783862e+01 7.688083245475236538e+01 7.026373197912663215e+01
2.022278438842990689e-02 1.416235840822443492e+01 3.416235891779012235e+01 5.020752169922734254e+01 5.849179294697641041e+01 6.069292777341808431e+01 5.236395738928634103e+01 5.221250972437080407e+01 5.316855560724685148e+01 3.903252155169050752e+01 3.066819504463544632e+01 5.065837148244820298e+01 6.375340151749299622e+01 7.082147322745910856e+01 7.910395588039119730e+01 9.064832240758168780e+01 8.669519569317289154e+01 6.958596407297318365e+01 8.669519569317299101e+01 9.564186815675083153e+01 1.014440274771544495e+02 8.636393033794868757e+01 6.683832124301733302e+01 5.549063373673023136e+01 5.719769589581245839e+01 7.387992928042545770e+01 8.190860220828371041e+01 6.797779492512513855e+01 4.801586844402083187e+01 5.427055337890968900e+01 6.132464334625252889e+01 7.518551491596861069e+01 9.430771422968966533e+01 1.004305931081281500e+02 9.046409089977966289e+01 8.219487407454396077e+01 7.556367471164035976e+01
6.642187732006160639e-02 1.420855750112217386e+01 3.420855761337115553e+01 4.233989229186573056e+01 5.062417794469186560e+01 5.369362537500625621e+01 5.220060038316695739e+01 6.048487351525053413e+01 6.729718201580894288e+01 5.893165201425053112e+01 3.960781948785616891e+01 3.773552617492609329e+01 4.376319534103233622e+01 5.082994748333978663e+01 6.237051501229796457e+01 8.236569683569000233e+01 7.825563316592564433e+01 5.773139245097279826e+01 6.673814128741514651e+01 8.722853907824855924e+01 9.338160402398797544e+01 7.453057288113785717e+01 6.410822119856044310e+01 7.514615537751582508e+01 6.866217729876160547e+01 8.517202999756284498e+01 8.527015128022942747e+01 6.539606104519918972e+01 5.124895457469897053e+01 7.121704730507353531e+01 8.078627742375353193e+01 7.518551491596861069e+01 9.430771422968966533e+01 9.214868022589529062e+01 7.224106792319260251e+01 6.230127598583307247e+01 5.568610279183208434e+01
1.591255364720534082e-02 2.001591207482995571e+01 2.707897940070211007e+01 2.233989213308452904e+01 3.496317504024688816e+01 3.369362533159713990e+01 3.220060034851950803e+01 4.634273597244210663e+01 6.634273609008141648e+01 6.787250679834291134e+01 5.114886587349898406e+01 4.773055786976635773e+01 6.375340151749299622e+01 7.082147322745910856e+01 7.910395588039119730e+01 8.495646915363587937e+01 7.049819934018402989e+01 5.014037056903220702e+01 7.049819934018402989e+01 8.773235632781957349e+01 1.008728550223517004e+02 9.136452093067136104e+01 7.333562068733752426e+01 9.136452093067136104e+01 8.840224812466668425e+01 9.656214350543784519e+01 8.458319022254561048e+01 6.469905425758720696e+01 5.467550601008597511e+01 6.469905425758720696e+01 8.458319022254717368e+01 9.430771422968966533e+01 1.022562393727310024e+02 1.004305931081281500e+02 9.046409089977966289e+01 8.219487407454396077e+01 7.556367471164035976e+01
6.189296070378335485e-02 3.543446079817733185e+00 7.078979985750455839e+00 1.079288674929146197e+01 1.496317503043299446e+01 1.955148970784431128e+01 3.109849509163703019e+01 4.524063071548635406e+01 6.524063081795820551e+01 7.941011236479042168e+01 7.113866003224312351e+01 6.186554136207823973e+01 7.600358642063369530e+01 8.122948602791001349e+01 8.719552629672435273e+01 7.649633062829448704e+01 5.601325104164053670e+01 4.463999631400501045e+01 5.851185556026090495e+01 7.012374095855889777e+01 8.187785761863985101e+01 9.506815266791768693e+01 8.627752784422990828e+01 9.971186211764829466e+01 1.056926683904406588e+02 1.043160427017489980e+02 8.458319022254559627e+01 7.863063225037645054e+01 5.868308219882756305e+01 7.863063225037645054e+01 8.458319022254760000e+01 1.043160427017998728e+02 1.124911768479967691e+02 1.025081112796948446e+02 9.422166848455873378e+01 8.669842676956656646e+01 8.138022838503114542e+01
2.247884206357958492e-02 2.002247884206322581e+01 2.707897998995640521e+01 2.493502237303284730e+01 2.910531065417873720e+01 3.369362533159713990e+01 3.109849509163703374e+01 4.264550047543380629e+01 5.678763609978673088e+01 7.678763634127351168e+01 7.687916539236113067e+01 8.185956051944583578e+01 7.519277749313785364e+01 6.074332718798684283e+01 6.674358419173556456e+01 7.076019214113958355e+01 5.979236748922527767e+01 3.969715210496264746e+01 3.526093217761017229e+01 5.093721672161039749e+01 6.399170648594242294e+01 8.617145136029616026e+01 1.051217663731609946e+02 9.988614331266023783e+01 8.576394580950034197e+01 9.988614331266023783e+01 9.429365963421552976e+01 7.451707676655405521e+01 6.296477328066549006e+01 8.287564419192095500e+01 9.765657864013792278e+01 1.058277356252046815e+02 1.041885335626257358e+02 8.425480340649177435e+01 7.431704185366231741e+01 6.679955049974019232e+01 6.148505989112441483e+01
