LEM/with_lateral_4open/elevation_000269.asc
nrows	100
cellsize	150.0
xllcorner	0
ncols	100
yllcorner	0
NODATA_value	-9999
[rows 0 to 16 of 100, columns 0 to 36 of 100]
8.271705653423140625e-02 2.127631151761726416e-02 9.425194436011796739e-02 4.939197167322698090e-02 3.975871534419905817e-02 6.171646774684565184e-02 1.696294146011132625e-02 1.936121709489252440e-02 4.216450047424835645e-02 2.297044857093000214e-02 6.704298068806634203e-02 4.162315340452049650e-02 3.835349583220235004e-02 2.777463300387698203e-02 2.207885817162396139e-02 7.161913568127860341e-02 9.025521335945362045e-02 3.502399586135773735e-02 8.040414306008919487e-02 3.131346976591601466e-02 7.604099264847130613e-02 2.387740603804927586e-02 5.687112022313325910e-02 4.074439634684711570e-02 8.709178300582484655e-02 7.612946965408906586e-02 1.077918208624280109e-02 9.929772718869623455e-03 4.600412614040166881e-02 2.152795518990661267e-02 2.378824418737431057e-02 9.511189423522797837e-02 9.406546861214974686e-02 1.749038473908382007e-03 2.223905489293687143e-03 6.269637160239108220e-02 9.476101746191394060e-02
7.813061968023242432e-02 2.002127631151726206e+01 2.009425194435976181e+01 1.419152759540430253e+01 1.003975871534428599e+01 2.006171646774648920e+01 2.001696294145975585e+01 4.101844121733504878e+00 2.004216450047389131e+01 8.967242358570166161e+00 2.006704298068770953e+01 2.004162315340416356e+01 1.003835349583211567e+01 2.002777463300352068e+01 2.002207885817126964e+01 2.112860588000589956e+00 2.009025521335909659e+01 2.003502399586100324e+01 2.008040414305973442e+01 5.195291264709160473e+00 2.007604099262458064e+01 2.002387740603769473e+01 5.830373812119365340e+00 2.004074439634649352e+01 1.425647709843512345e+01 2.007607837315456933e+01 2.001077299597034553e+01 1.056777617899296029e+00 1.715327243165933169e+01 2.001960193479087025e+01 2.002378824418702052e+01 4.683426571646483794e+00 2.009406546861179521e+01 1.414388466220498408e+01 1.154922928928170833e+01 1.420483199533346585e+01 2.009476101746155763e+01
2.526786264046545702e-02 1.416740348637129010e+01 3.416740348637058133e+01 3.419152759540500597e+01 2.418189433907548747e+01 3.832402996280718810e+01 2.827213240287460749e+01 8.272132402874964541e+00 2.827213240287460749e+01 2.051424774236288684e+01 3.725151360603307182e+01 3.832262474329301227e+01 2.418048911956281444e+01 3.551752124669444299e+01 2.416843722152217211e+01 4.219595634166063647e+00 5.909167987294375202e+00 3.680442203448440353e+01 3.054051634611557375e+01 1.054051610295769414e+01 3.054051634611147037e+01 3.186060421934525166e+01 1.186060070367458508e+01 3.186060364358081998e+01 3.438215602884078237e+01 3.160721420557628036e+01 2.210520278932242277e+01 2.105062454621216439e+00 1.320896211936014275e+01 3.168978729713075637e+01 2.939747177955719692e+01 9.397471779556841653e+00 2.939747177955719692e+01 3.414388466220568574e+01 2.569136491298424119e+01 3.420483199533416752e+01 2.609147622047548865e+01
4.163169627051844027e-03 2.000416316962669683e+01 3.468919649771170555e+01 4.297346821459201749e+01 4.418189433907619446e+01 4.460206402142848248e+01 2.460206402142919657e+01 1.312284490360158173e+01 3.312284490360087119e+01 4.051424774236359383e+01 4.879851898982578717e+01 5.246476036702370749e+01 3.899858591192220558e+01 2.723348126703279348e+01 7.251838753614803679e+00 2.416843719592043271e+01 1.643982865009304462e+01 3.653002017032378745e+01 3.657074361519442363e+01 1.657074299451307198e+01 3.657074361519442363e+01 4.014541098294608901e+01 3.186060664429214384e+01 2.340760608700976064e+01 3.637189761942575927e+01 1.756564358979627727e+01 3.610482313611409033e+00 1.104105654609829656e+01 2.956553516205696752e+01 3.989535814416301918e+01 3.517097447145385303e+01 1.517097447145314959e+01 2.572740339811165455e+01 4.572740339811235799e+01 4.569136473541994548e+01 4.300407231080986747e+01 2.934069610469760647e+01
5.883922493566802470e-02 7.129907036801173881e+00 1.468919649698578489e+01 2.623620188077850557e+01 4.623620188292963462e+01 5.288633526889009318e+01 3.312284490360229228e+01 1.944740022393822798e+01 2.945277652215639463e+01 4.945277652215710162e+01 6.323399329763713439e+01 4.323399412317998980e+01 3.071434970865667680e+01 1.071828288139141527e+01 1.223563509199903443e+01 3.223276332274504341e+01 3.678835312123231205e+01 3.678835256618486227e+01 4.364181223314059110e+01 2.364181080637867183e+01 4.364181240982374987e+01 5.754976111736081634e+01 3.754974166712560901e+01 4.340761200850540291e+01 3.708880045959803340e+01 1.864668287725280749e+01 4.681057768756351933e+00 2.493123456980122299e+01 2.507964570083350964e+01 4.480580920621609664e+01 4.149552979179072310e+01 2.149552979179001966e+01 4.149552979179072310e+01 5.401167464557455844e+01 4.832176486651765401e+01 3.341777999229962859e+01 1.467507503505864719e+01
1.256007409845548775e-02 1.415469569782928083e+01 3.415469569470081979e+01 4.297346791713165715e+01 5.452047392273627224e+01 6.140711615106519616e+01 4.611406689060548558e+01 2.611406689060477859e+01 4.611406689060548558e+01 5.773704776961929497e+01 5.986864722887452217e+01 4.323399412317998269e+01 2.323402949373232929e+01 1.323481389649826845e+01 3.223276332558823754e+01 2.007753501908238292e+01 4.007732722922985147e+01 5.681289417556619981e+01 5.192621141456855582e+01 3.518881619021298945e+01 5.192625515042227136e+01 6.583456017951910155e+01 5.754976111736558408e+01 5.147667855074255527e+01 3.655360779414687045e+01 2.573034542933482527e+01 5.757821572874675553e+00 2.580178784112398915e+01 4.480580941416417318e+01 5.300575508360110177e+01 4.977980103925091271e+01 3.563766541552146805e+01 3.563766541552146805e+01 5.563766541552217149e+01 4.271627168086030224e+01 2.042033076512655043e+01 3.121292792083341894e+01
9.594114293757748102e-02 1.009594114293766509e+01 2.423807676666909572e+01 4.423807677628020230e+01 5.398951323087234755e+01 6.227378410108879336e+01 5.439833813806767893e+01 3.611406689060513031e+01 5.439833813806767893e+01 6.572651299100067490e+01 4.572651307340884586e+01 3.158437763634739781e+01 2.341941728939843870e+01 1.586024705763136211e+01 3.586012435385639208e+01 4.007732722922985147e+01 2.902160461241229683e+01 4.316373042440913821e+01 6.316373011935696979e+01 5.518882227212272085e+01 6.347335614683919403e+01 5.869102841729957731e+01 5.031883428912716738e+01 4.064545157481378368e+01 2.280628498097802392e+01 8.994015176457711647e+00 6.972735051347640933e+00 2.701954481065137870e+01 3.710294114546880451e+01 4.474169937657227791e+01 5.311165973363308979e+01 5.563766541552217149e+01 5.563766541552217149e+01 6.392193666298437194e+01 5.125773560610067392e+01 3.930108786650328767e+01 2.671997795563916256e+01
7.711341127313005306e-02 2.007711341127277649e+01 3.838021288202268977e+01 3.984737760587248090e+01 3.398951323282807380e+01 5.398951323094664190e+01 6.439833813806903606e+01 5.611406689060583375e+01 6.439833813806903606e+01 7.158437709621253475e+01 5.158437742554112759e+01 4.586012221999680349e+01 2.586012648771574973e+01 1.898361041970887442e+01 3.898359758758790150e+01 5.730586467420772578e+01 4.316373042440913821e+01 4.316373042440913821e+01 6.316373011935696979e+01 6.879152411825843672e+01 6.042347462738443653e+01 5.031883772707156766e+01 2.997627315086631583e+01 3.223977976558587244e+01 1.217906910824268429e+01 2.874766348060045473e+01 2.701954481065140712e+01 8.700471903275278862e+00 2.875170776656991478e+01 2.461132556598198207e+01 4.474169937657189422e+01 4.782001959773696598e+01 5.612027038049023275e+01 6.608607164050359017e+01 6.309023925413497835e+01 4.418161928770361158e+01 3.141728690324367079e+01
2.297228869525369793e-03 2.000229722886917116e+01 2.915692793251022863e+01 1.984737760909762372e+01 3.984737760849016297e+01 4.921921773116203980e+01 5.750348888784412793e+01 6.644776075571741103e+01 7.799476604760630494e+01 6.895413284873268367e+01 4.895413294683267225e+01 3.740712766397194144e+01 4.218616049140023705e+01 2.218616156734677602e+01 3.632829613228547316e+01 5.632829607371699154e+01 6.316373011935696979e+01 6.316373011935696979e+01 7.144799892400628494e+01 6.042347403584840748e+01 4.022248824639508769e+01 4.613921813796644500e+01 3.593446629615420562e+01 1.552991995323728425e+01 3.223978606957081183e+01 4.064545188084268545e+01 2.505739134972096949e+01 2.875170776656991478e+01 1.045122435006506478e+01 3.050737554727478340e+01 3.769130854014912302e+01 2.756259748256350406e+01 3.789852903685223140e+01 5.774151015862174319e+01 6.309024740498947637e+01 4.418161929361852458e+01 4.038393094454558963e+01
9.647730019007895452e-02 4.568613255189639233e+00 9.156927932600835263e+00 1.548148325293754013e+01 2.214814991960409074e+01 2.921921773146944190e+01 3.816348964146828138e+01 4.971049502526038566e+01 6.971049502394465947e+01 7.723840082247663474e+01 6.569139681522298702e+01 5.740712752157823218e+01 4.626864338110607378e+01 2.626864345426114511e+01 3.071418917403380178e+01 4.071418914590163496e+01 5.226119452915500574e+01 7.226119442918258073e+01 6.683836487133673643e+01 4.662481364056695554e+01 3.497894740186359286e+01 2.577919031584047715e+01 1.946829325220312157e+01 2.732629958399634162e+01 4.433335742408227986e+01 5.355746817055018028e+01 4.518953076993467022e+01 3.886149264908557655e+01 3.050737554728354439e+01 1.222944130724533451e+01 1.313799825568181845e+01 3.769130854015021015e+01 5.612027038049023275e+01 6.608607164050359017e+01 7.128277581028237364e+01 6.309024428030458864e+01 5.097412157526157017e+01
3.582433992925927735e-02 2.003582433992890444e+01 2.810061560839895023e+01 3.246497341311989970e+01 3.717901862103029487e+01 4.234299641597360875e+01 4.811649910786996998e+01 5.478316577453686875e+01 6.306743702199906920e+01 7.306743702200041923e+01 7.046475932227352246e+01 5.046475942022189543e+01 3.891775403732393812e+01 3.111935589874582320e+01 5.071418912450563710e+01 4.336329978645721894e+01 6.336329972856466242e+01 8.054546215751987859e+01 7.520632701170816858e+01 6.353797303906974037e+01 4.468205569742534067e+01 2.427536067778865103e+01 4.000043878429405453e+01 4.769344495617537660e+01 5.606649173894127358e+01 6.224220695379692359e+01 5.383927118827772063e+01 5.370052763637247750e+01 4.064816180235585819e+01 3.229107208896260062e+01 1.397432757625530009e+01 3.412045440237678662e+01 4.552686449849498018e+01 5.266296790703167829e+01 6.104482578200030929e+01 7.009959699153699830e+01 7.103066689097232711e+01
1.813270376062421294e-02 4.018132703760641355e+00 8.100615608399307277e+00 1.246497341311919271e+01 1.717901862102959143e+01 2.234299641597290531e+01 2.811649910786926299e+01 3.478316577453616532e+01 4.478316577453651348e+01 6.478316577453793457e+01 7.874902721285117480e+01 6.720202323948822709e+01 5.611935586969850220e+01 3.611935589657248613e+01 5.611935586969850220e+01 5.750543540922554797e+01 7.164756852903667550e+01 8.262743219769016889e+01 7.093910862368487358e+01 6.191127350381032812e+01 4.806006362263681098e+01 2.779201607136801044e+01 3.953532238004947175e+01 5.970507672070004190e+01 6.610245436334992064e+01 5.380026795271388096e+01 3.354846135251109729e+01 3.352098605451626412e+01 3.605117961613780153e+01 1.594010221810685302e+01 3.412045440037506694e+01 2.053484298105550465e+01 2.539873224590869327e+01 3.247901941959453609e+01 4.146592547100495807e+01 5.578001161459074098e+01 7.606574764691390556e+01
2.372884694381488524e-02 2.002372884694345956e+01 2.810061560839966432e+01 3.246497341311989970e+01 3.717901862103029487e+01 4.234299641597360875e+01 4.811649910786996998e+01 5.478316577453686875e+01 6.306743702199906920e+01 7.306743702200041923e+01 8.291060191369733445e+01 6.291060216018890827e+01 4.876846653716818025e+01 4.428432170578043525e+01 5.611935586969850220e+01 7.611935549355121111e+01 8.578970164884783856e+01 7.426588399438202259e+01 5.399700349283352807e+01 4.239058730442198453e+01 3.340014169939684763e+01 3.953532238004947175e+01 5.642430362975026270e+01 6.807597714713001835e+01 5.776467728822060366e+01 3.771096874549210298e+01 3.836683640362035419e+01 1.934391957053288991e+01 1.793699861031587162e+01 3.605110366841345382e+01 2.667638794582169837e+01 4.064507535750677647e+01 4.552686449849498018e+01 3.698297097102086184e+01 5.719803968082371881e+01 7.009960901806381628e+01 7.949680524243834157e+01
8.175220331382776484e-02 1.422388782704490318e+01 3.422388782704560839e+01 3.853843017946359595e+01 4.656555556430229359e+01 5.519068969123645019e+01 6.345243540624221623e+01 5.844923326015832288e+01 5.478680439793804879e+01 6.889349391216022411e+01 8.887237573068178165e+01 7.705273478712881285e+01 6.876846646426231757e+01 6.428432166048284557e+01 5.842645732931324432e+01 7.842645717533410732e+01 8.957479042907483802e+01 7.478088622682263065e+01 5.451870050370184373e+01 4.030339363625138560e+01 4.500671217145952596e+01 5.970507672070004190e+01 6.807597714713097048e+01 7.176365688350726657e+01 5.182354385301737665e+01 4.146808754498023575e+01 2.137063903189778813e+01 3.943226731192293499e+01 3.802580115676076389e+01 4.639120511451564255e+01 4.089227061453869538e+01 4.089227063242611138e+01 6.111903443705085692e+01 4.862957927925280188e+01 6.557669020751198730e+01 8.260953520980314124e+01 6.332178382909314251e+01
9.124702163186203252e-02 2.009124702163150644e+01 2.646939013656768580e+01 2.035165313782021457e+01 3.476179208402328413e+01 3.523350173803542873e+01 4.694024857160141551e+01 3.851508703604550732e+01 5.844923326015832288e+01 6.338896900807474566e+01 8.336080912284886324e+01 8.050266467725944608e+01 7.219198833562745676e+01 8.050266467725944608e+01 7.842645717533410732e+01 8.671072391829675041e+01 8.122801024308529350e+01 6.093009862207119909e+01 4.925996053942628095e+01 5.032592971110367586e+01 6.520136506852551861e+01 7.357369568824887551e+01 8.327074123479836487e+01 6.595467554813359357e+01 4.597025650054253276e+01 3.177346794511235473e+01 2.282171461526910861e+01 4.292710711824008030e+01 4.707552856585905943e+01 5.581501712017957573e+01 6.111902612245155808e+01 6.111903449128113408e+01 6.949170638447768056e+01 6.890277430873538833e+01 7.726847814458938046e+01 9.065592368845256033e+01 7.949680781956901399e+01
2.239863785106879432e-02 3.224961713952804843e+00 6.469390136568041960e+00 9.855814038035914493e+00 1.886774333581053398e+01 3.889571396251579927e+01 2.698427922509203825e+01 3.454322470595000993e+01 4.345224035997495804e+01 5.754107535938648255e+01 7.750703316605347482e+01 7.032002479534889972e+01 5.170180983374093842e+01 6.591920618148809297e+01 7.429622838491937387e+01 8.604191282024176246e+01 8.385252358644177662e+01 6.356772578310668109e+01 6.356772578310668820e+01 6.464094461511410827e+01 7.895019535832601321e+01 7.729181040428291283e+01 6.297284000120678371e+01 6.847054770229628673e+01 4.829519646177926973e+01 4.512980331781677990e+01 2.501708056643999001e+01 2.565023051018888722e+01 2.767057910211488192e+01 4.770028522066088073e+01 5.902261507549841468e+01 7.408803355397807877e+01 7.035382038285797535e+01 7.874947313721256137e+01 8.892592718122092776e+01 9.036911349395312243e+01 8.229607577505505844e+01
1.766589122093755945e-02 2.001766589122058093e+01 2.646939013656768580e+01 2.993892393463425705e+01 1.567402817190347086e+01 2.008226134994172085e+01 4.009540755545415180e+01 4.694024857160141551e+01 6.274202654965224468e+01 5.957565900654465452e+01 6.544638227706765576e+01 6.176474219107446828e+01 4.086230539161450537e+01 4.482909858354705079e+01 5.727098037612900328e+01 7.773290233222738266e+01 9.219356215289610645e+01 8.385252358644177662e+01 8.385252358644177662e+01 8.492082783853106775e+01 8.327074123479836487e+01 6.297284000120678371e+01 4.860079458815317821e+01 5.805797717595762464e+01 4.832058091924258747e+01 2.817955074055677755e+01 4.513559166654908239e+01 4.567668930009731554e+01 4.770028522865646892e+01 3.060278233419684213e+01 5.063845947860323804e+01 5.380832896549986089e+01 5.000437305687515277e+01 6.014265243596763355e+01 8.056498838286044872e+01 8.229607583407234017e+01 6.231221351490206217e+01
