LEM/with_lateral_4open/elevation_000307.asc
nrows	100
cellsize	150.0
xllcorner	0
ncols	100
yllcorner	0
NODATA_value	-9999
[rows 17 to 33 of 100, columns 37 to 73 of 100]
4.403498482745780507e+01 3.711761108840045154e+01 3.287286108113928407e+01 2.887781372333274987e+01 4.329948754786894938e+01 3.591459924478365906e+01 1.619943739756987000e+01 1.318482651710282028e+01 3.371341813301445711e+01 4.521707056689889725e+01 4.521707056716991957e+01 6.436195787977442251e+01 5.991279834218997991e+01 5.183873122365950081e+01 3.822959983786537919e+01 4.245502422199906789e+01 5.180316144787862243e+01 7.132978263771065031e+01 8.842700093388619109e+01 9.642425516747381664e+01 8.026285426306279192e+01 6.026246824470791807e+01 6.761349948295631407e+01 5.916035780297144697e+01 7.916070575957759559e+01 6.708007799451463882e+01 4.706635971066570079e+01 3.553396088723789603e+01 5.164172003512425846e+01 3.649700798229531529e+01 5.649096743630197182e+01 6.878075283892401615e+01 7.702970659044603963e+01 7.048122547316236819e+01 5.052549243640201126e+01 3.999627537665653421e+01 4.129118108857866076e+01
4.627379948200950821e+01 5.626441187557823298e+01 5.218227920022531663e+01 4.329948754131832800e+01 2.371838140456696920e+01 2.055988549339186378e+01 3.384579989177640158e+01 1.392662797644421602e+01 3.393950433344016204e+01 4.716532847095691494e+01 5.318904035978680866e+01 6.023977293576405856e+01 6.839772561046117971e+01 6.433526916231198811e+01 4.509163891125520962e+01 6.156647204279975227e+01 5.180316144787862953e+01 6.041495382398886704e+01 7.433106433806860025e+01 9.423251621923027699e+01 8.854773083222497121e+01 7.440471874340207137e+01 8.744556387294208832e+01 7.070740413532233504e+01 7.389743201308830578e+01 5.387893249413219365e+01 3.973892961327561579e+01 5.552515236669456300e+01 6.381411539659638521e+01 5.062874340932298622e+01 4.164865702949254711e+01 5.579383045133839403e+01 7.581240151425599549e+01 7.876134724835520728e+01 6.596034982570759553e+01 4.601499229357455079e+01 5.280793095053492436e+01
5.717360858159354819e+01 6.539045540375184373e+01 4.637794319502589957e+01 3.516340988905668041e+01 4.329948646358777609e+01 4.007709684686633267e+01 2.133298609321073869e+01 1.467001293791984828e+01 3.460314448139528309e+01 2.718096115243602284e+01 3.321757450266095191e+01 4.030126720123610795e+01 6.023977292435178299e+01 7.253799650864057469e+01 5.603876830352941596e+01 7.253799855290564835e+01 7.132978263767856220e+01 7.956881386070813278e+01 8.842700093388619109e+01 9.552632494500576854e+01 9.775025952380026695e+01 9.440564448485626770e+01 9.899318593853912773e+01 9.070813052416431788e+01 7.698658969913742567e+01 5.696655975938016070e+01 4.281727409857188604e+01 6.283029076917736688e+01 7.893129605492407563e+01 6.550973046533395916e+01 4.549105120075041242e+01 5.964643904262884888e+01 7.966496808213682357e+01 8.593318501741696025e+01 6.596034982570760974e+01 5.355221521113744387e+01 7.275991782421999687e+01
7.610297048015949883e+01 7.336440410232567899e+01 6.234722182984894800e+01 5.441357634251180997e+01 5.131570243538025267e+01 3.133670677968761353e+01 3.547201776013226038e+01 1.541911097099148797e+01 1.933870383974328178e+01 3.932914201076449245e+01 5.318991818061140719e+01 6.023977274757343991e+01 5.660915329255406192e+01 7.639338376343485493e+01 7.566850010745545774e+01 8.392078408485927810e+01 8.471225276477126442e+01 7.631669375360499430e+01 8.471225276477126442e+01 7.528701091724697392e+01 7.749874695090137777e+01 9.775025952380026695e+01 9.984968892231472637e+01 8.984833935325048060e+01 8.023416544792804928e+01 6.021476402654055704e+01 4.605616987801075624e+01 6.021476402654048599e+01 8.023416544524199878e+01 7.022990467735776576e+01 5.020390175948168121e+01 5.815152798127618894e+01 6.971477449344828869e+01 8.972342534447470541e+01 8.178242390906589776e+01 6.351572194954176354e+01 8.178242390906589776e+01
8.764283497776500553e+01 8.543343328380366586e+01 7.796293216246351676e+01 5.810223219139690087e+01 4.399126450385245590e+01 5.131570242685639016e+01 3.619784303357120336e+01 1.618331931666730839e+01 3.619067888709474090e+01 2.786518530462266696e+01 4.785121955823846207e+01 6.597499309388670952e+01 7.587484120640839080e+01 8.449542864115619523e+01 8.503968197229869475e+01 7.664442009504529096e+01 7.463280514344195637e+01 5.620327496267869805e+01 7.044484121154100364e+01 6.106590512012449068e+01 8.121496874941344402e+01 9.688701184642606279e+01 9.156555772946555294e+01 7.156160051710469361e+01 6.154533459786045313e+01 5.336408934794221182e+01 5.122099670688918138e+01 6.240504514371491496e+01 8.242246946291648158e+01 7.523647353552115646e+01 5.521019810286747997e+01 7.523647353552115646e+01 8.645747787298489584e+01 9.800823458781951558e+01 9.177281494642267035e+01 8.348396871485167026e+01 9.177281494642267035e+01
6.750076688991549645e+01 6.529994230114938603e+01 7.955124882429267075e+01 7.213719649638726139e+01 6.391929653380957888e+01 5.224745098004852650e+01 3.512452329894896508e+01 1.694912030167825279e+01 3.696393231696085735e+01 4.785029552066808378e+01 3.787737021530608672e+01 4.788594081039974526e+01 6.776393719762177170e+01 8.228007614405386505e+01 7.339982503697839888e+01 5.652797840079124114e+01 6.099509894171104207e+01 4.621189808963286083e+01 5.037497279345804913e+01 5.668765047146093394e+01 6.827092748991960036e+01 8.846796998902227926e+01 9.984968892231472637e+01 8.408949523543537907e+01 6.407475209275385453e+01 7.339116501769291290e+01 5.657559916360244756e+01 7.660197355306161171e+01 9.070817258183564036e+01 8.280182223981482537e+01 6.278579098676895143e+01 6.677891567669763617e+01 7.833721658074303207e+01 9.833603647281103122e+01 9.603948593212018636e+01 8.615744663809286408e+01 7.795473421584901530e+01
5.869522692764333271e+01 5.115221244241830334e+01 6.362072498747350124e+01 6.387493258588681755e+01 5.554398094654003870e+01 4.575923609002602177e+01 2.799847287668289653e+01 1.771649161588539911e+01 3.773660097559306337e+01 4.741567643143518040e+01 5.782460272881684915e+01 6.597495058660416589e+01 7.587359155705405556e+01 6.212849311049559731e+01 6.441118912946316755e+01 4.497526590456241991e+01 4.095413078392270023e+01 6.099509897058337771e+01 6.453686540081126566e+01 7.044484121154100364e+01 6.827092748991960036e+01 8.252726230081026415e+01 1.028101070599979749e+02 9.237412212786409782e+01 7.408849351244484183e+01 8.488762206926401177e+01 6.553971741862879696e+01 6.814529644982906120e+01 8.815400930767955856e+01 9.108620201184152165e+01 7.280091400611581776e+01 8.678971242465071612e+01 9.507403180078264882e+01 1.066207262864595862e+02 8.782061048567888406e+01 6.808885794601918917e+01 5.820201795654882204e+01
6.487414905316524028e+01 5.654666721761961412e+01 4.361226450423844625e+01 5.554398737696693189e+01 3.549491855727199408e+01 3.953939285752539234e+01 1.952284077532537410e+01 3.069795568143062070e+01 1.908124194124421535e+01 3.910175521341358262e+01 4.879337830147526489e+01 5.359267106876370690e+01 6.164631463525321919e+01 4.794621512505793959e+01 5.163197153420824748e+01 3.600647311932047501e+01 5.606135366120102503e+01 6.935517659525194745e+01 8.470795653997693364e+01 9.064973927507631402e+01 8.846796998902227926e+01 8.846796998902229348e+01 1.087769874753713850e+02 1.023748644970506518e+02 8.823379531296693301e+01 9.383554999130930696e+01 7.709934709416215526e+01 7.970218385494511892e+01 9.643811816817954252e+01 1.010867580954007536e+02 9.280273047351383298e+01 1.010867580954007536e+02 1.076552689484100682e+02 9.921225364566488736e+01 9.603948593213209506e+01 8.615744663836473194e+01 7.795473421584901530e+01
4.807981847093147820e+01 3.654270091841944179e+01 5.064461752858387200e+01 5.154591438604565923e+01 4.136714832638684669e+01 2.134704221147347880e+01 3.366842005445768393e+01 4.596337761067894689e+01 3.910175521341358262e+01 2.045329924279420197e+01 4.047695204496319121e+01 3.430388762359105215e+01 5.078575186386257201e+01 5.160530452505878429e+01 3.156394085506759950e+01 5.110743968298746864e+01 5.356134338387732186e+01 6.191682228999682991e+01 7.731124208694498634e+01 7.961307321400921921e+01 8.803249686419631814e+01 1.022282777611303288e+02 9.377600843478006709e+01 1.022282777611303288e+02 1.082298255016653172e+02 1.053818220366787699e+02 9.709741890548973231e+01 9.969941758446674385e+01 1.079842049180584809e+02 1.019138063125017339e+02 1.012221523858819268e+02 1.078654953316311236e+02 8.730573162914623708e+01 7.858955257161719032e+01 9.200716485337368056e+01 1.004744866489669448e+02 8.758837502483855530e+01
6.469555894454589406e+01 5.046323053157959748e+01 3.063620229554798513e+01 4.322657478773185602e+01 2.320082744873560898e+01 4.136714832637842676e+01 4.968469851836897533e+01 6.204207811152047469e+01 4.785205164872596129e+01 2.800817881147555610e+01 2.184098891932605113e+01 2.282418542331219058e+01 4.285556046308307288e+01 4.598332416125057165e+01 2.864014079970607440e+01 3.103441715864265404e+01 3.348929764979730805e+01 5.356134338387867899e+01 5.716703963066836991e+01 5.945474999860606147e+01 7.961307321400921921e+01 9.207805718014242302e+01 7.351911854770715138e+01 9.207805718014242302e+01 1.027364721490945385e+02 1.039449213357032278e+02 1.124149486803815563e+02 1.075987469961218750e+02 9.603701418047536720e+01 8.187843691601804608e+01 8.118674941080791996e+01 9.534566321676231837e+01 8.730573162914622287e+01 6.678854880035858343e+01 7.144990399144417381e+01 8.664527126938574497e+01 9.511675055418935187e+01
5.323451453280549828e+01 5.335878366723751753e+01 4.512387975916195870e+01 2.509042883199762031e+01 4.322399996782843345e+01 3.585735442524401861e+01 5.590717819463952054e+01 6.178429449354847236e+01 4.208112944659075083e+01 4.785205181896868254e+01 4.186860851316081522e+01 4.242840624058821675e+01 2.422592368167722654e+01 2.603919784398954462e+01 4.608884459500704622e+01 5.110744673135564398e+01 5.356134338387867899e+01 3.710644048384880023e+01 4.529289714696083990e+01 6.535898617104743380e+01 8.125881364652592254e+01 7.285313097561854079e+01 6.345302941218236725e+01 8.242371866100459954e+01 8.242371866100491218e+01 8.362369515902264538e+01 1.039449213357032278e+02 9.931451861552794469e+01 7.927840105539581828e+01 6.773369380083219937e+01 6.704357681561297966e+01 8.389475205071173036e+01 7.955096543362951422e+01 5.916981528862540785e+01 5.974797347177026552e+01 6.618949405834759148e+01 8.500648850776897802e+01
3.320095944141316835e+01 3.127167078202329620e+01 4.650244586120270895e+01 2.651914287913438883e+01 4.656267230114457334e+01 5.590711937269315968e+01 5.590717819463975502e+01 7.001182176643423816e+01 6.178429320994362683e+01 6.254407711702913986e+01 5.017020515759072197e+01 3.012536948086602706e+01 4.426385164064796385e+01 2.597863511720397867e+01 4.602497244805551446e+01 5.580267127238363400e+01 6.514822865373673721e+01 5.716703963066836991e+01 4.108890224948429193e+01 6.113719274583776553e+01 6.829927425081599779e+01 5.274384416913098050e+01 5.644701943324729854e+01 6.223035374471627534e+01 6.934694721830926767e+01 8.099579798885201853e+01 1.012959313494128679e+02 1.027717342413129984e+02 8.273661178574708686e+01 6.859007903313083432e+01 5.706138826619997673e+01 6.389208968006441580e+01 7.803802251282358782e+01 6.994319911635375320e+01 4.971741956213533342e+01 6.963082772305959622e+01 6.604694466245440765e+01
5.240372776858183812e+01 4.291473866924301461e+01 2.857318362340115669e+01 4.650747885456444664e+01 4.655093068563648018e+01 6.657202528097877803e+01 7.600118566181704693e+01 8.160460833291736549e+01 6.254412080216578573e+01 4.251787051422555663e+01 3.647055918035674438e+01 5.017022158107751295e+01 5.415564129256206627e+01 4.006574767064287101e+01 2.774976870251754235e+01 4.632944606862965742e+01 5.737593584142993564e+01 6.948371096374422962e+01 6.108953254925766885e+01 4.522089116644389861e+01 4.823123163669204416e+01 6.829927425081599779e+01 7.659440690569964261e+01 6.376975364858001427e+01 7.384335580157024026e+01 9.409818003952571530e+01 1.097637886207889295e+02 9.733234631396756242e+01 7.729748456250675304e+01 6.575716630680624064e+01 5.682995441213565613e+01 4.976454302191890378e+01 6.431118168859022433e+01 6.528643411039021771e+01 4.512427611252279291e+01 5.225445918037193138e+01 7.160006648654336914e+01
6.190622676970397720e+01 5.396787496876651602e+01 4.863437910995440916e+01 3.184283525815273208e+01 4.081523905624804627e+01 5.497885360450403880e+01 7.501466084733608852e+01 7.326144981723200544e+01 5.321116317937740803e+01 6.254412080216578573e+01 4.355911776578978589e+01 6.358684925009450950e+01 6.738943976435598415e+01 5.538213314758071704e+01 3.672237758426702214e+01 2.955610325011351591e+01 4.374318298856920251e+01 6.379419624190450122e+01 7.358134166391485564e+01 6.527390299500186188e+01 6.829927425081599779e+01 7.669276422836658469e+01 9.036889588685286867e+01 7.013634598166663636e+01 9.036888403876830012e+01 9.409818003952572951e+01 1.144888770576060182e+02 1.056182968875661601e+02 9.405637367131276960e+01 8.510737854638769306e+01 7.681734276948884599e+01 6.431118168859022433e+01 4.431681771518316282e+01 5.914865910945586336e+01 4.075637486106933949e+01 5.921821681470204624e+01 6.170806712847249287e+01
7.768935096810125174e+01 6.589827406765166984e+01 4.583623400908793855e+01 3.425843275497998519e+01 5.431544983934685433e+01 6.079774372929492898e+01 8.059018421950777622e+01 8.160460833291736549e+01 6.476829451354551281e+01 7.191699154343325517e+01 5.356104754442028337e+01 7.191699154343325517e+01 7.095629518472389918e+01 5.089238090059503605e+01 5.090825678186126879e+01 3.084600830975821850e+01 4.503582935129614384e+01 6.508555072877364012e+01 6.833143829948990344e+01 7.670511140587335319e+01 8.139393281058363527e+01 8.970559959567270880e+01 9.881525572852153516e+01 8.441503395336420112e+01 8.441503395336420112e+01 1.047427901151778258e+02 1.082052761645953041e+02 9.665084238818808160e+01 8.836699877582097429e+01 8.975146956854504765e+01 7.395638664243080029e+01 6.567285313817112069e+01 5.914865910945586336e+01 3.915027486186838956e+01 3.704933539973634993e+01 5.443594363774275990e+01 4.267801299623661748e+01
7.769082850385549932e+01 7.424589102099919558e+01 5.682268556036999740e+01 3.677075790880262929e+01 5.682268556036999740e+01 7.412624182430492681e+01 8.255127610986623665e+01 9.321994669815781265e+01 8.486331572035444992e+01 8.195619067326937568e+01 7.361265095576881379e+01 8.195619067254786216e+01 7.929987604261752665e+01 7.095629518472338759e+01 5.221137119683664451e+01 3.214931048077419717e+01 5.221137119683664451e+01 5.717655851659083055e+01 5.023148495729730456e+01 6.648185774682480087e+01 6.148527829341312412e+01 8.139393281057435559e+01 9.576328582133476175e+01 1.047427901151778258e+02 1.047427901151778258e+02 1.132154775036788692e+02 9.992929683312667066e+01 7.990280914561829206e+01 6.835953119590379856e+01 6.975112105487880854e+01 6.567285313817112069e+01 4.568203751056764617e+01 4.293088125093694174e+01 5.914865870152905813e+01 5.443594202409396843e+01 3.448678559825398793e+01 3.275746731765847386e+01
8.606089781633018276e+01 7.360186552214797473e+01 5.350654619240588517e+01 3.934553735539682862e+01 4.642787362164318665e+01 5.398232415707416010e+01 6.558705548758356940e+01 8.607052531151937558e+01 9.677849610595487206e+01 8.452453853356875868e+01 7.608107627315190769e+01 7.857523895308776218e+01 7.600591027820601653e+01 6.460639376906030407e+01 5.388849408843754674e+01 3.383158347693354528e+01 3.513489432250836586e+01 3.727263394953450160e+01 3.945926674411407475e+01 4.755575438012839840e+01 6.731638819719367461e+01 6.717981807533415406e+01 7.917753426979665221e+01 8.593182242619165834e+01 9.430516840149778091e+01 1.044238336890326337e+02 1.053094199179177366e+02 8.529230012611124323e+01 7.681568198275279258e+01 5.683408622993199089e+01 4.976930998992342836e+01 6.567285313817112069e+01 5.707116823617766954e+01 6.704839957435149245e+01 4.710608681899673655e+01 4.859369674871352629e+01 5.267151845202569405e+01
