LEM/with_lateral_4open/elevation_000014.asc
nrows	100
cellsize	150.0
xllcorner	0
ncols	100
yllcorner	0
NODATA_value	-9999
[rows 17 to 33 of 100, columns 37 to 73 of 100]
6.793998066769204058e+01 4.793810693645512799e+01 4.793810693645512799e+01 5.988901509804972534e+01 4.572776409623865845e+01 3.603292234137665417e+01 1.605387781980689255e+01 3.467581973110645066e+01 4.295415748270917078e+01 4.484138709059102013e+01 5.269099471970550042e+01 3.563762939242550232e+01 1.534595860231936548e+01 2.944677387088632159e+01 3.778890380033774221e+01 2.576901502152650991e+01 4.612962980733988161e+01 6.057227478914942509e+01 5.260262287529275227e+01 4.074514952842405791e+01 4.979409355228336409e+01 6.133801287889001230e+01 8.105960195695215020e+01 9.296674786808745239e+01 8.494115932035117567e+01 8.571519180539237937e+01 6.620119150642609895e+01 5.198435545836416338e+01 4.864506684378800117e+01 6.893219363552735501e+01 8.525133005173503875e+01 8.230622998054600714e+01 7.124855779365522324e+01 8.799578313630640025e+01 8.358857563203284258e+01 6.528828866710634315e+01 8.358857563203284258e+01
5.452144391090057240e+01 5.059950394128237861e+01 3.379813238805056130e+01 4.310689850364730802e+01 3.162009674292797712e+01 1.747066415882201085e+01 3.606346512327073128e+01 2.871211617532721405e+01 4.871336058369628574e+01 6.482899134134757446e+01 5.234849616541204398e+01 3.386773073391355382e+01 2.373475395223978879e+01 1.679245950588184400e+01 1.842441411048707778e+01 2.006986327354238853e+01 4.010198940223475006e+01 5.069626913702823146e+01 3.244925787086793179e+01 5.260262287529275227e+01 6.894497895779176133e+01 7.169097538648921386e+01 7.982023640782843188e+01 8.964743231526333034e+01 9.671415120384530439e+01 7.640163479352445108e+01 6.207330799758798889e+01 7.233337200179266802e+01 6.893219363552735501e+01 5.627029531476802049e+01 6.801572231805883462e+01 8.861065369791161572e+01 9.126638123045768225e+01 9.954965954421719232e+01 9.359733491877040024e+01 8.530743700374843286e+01 9.359733491877040024e+01
3.452339547467813929e+01 3.060215360577271326e+01 2.682293970284986528e+01 2.310780259355976440e+01 2.076435025518739508e+01 1.858773428759356960e+01 3.859418361435405131e+01 4.871336552462577174e+01 4.871336613429033235e+01 6.871923553615673086e+01 5.283515738574314469e+01 3.548641830392067220e+01 3.776123197826128575e+01 1.810965142915766535e+01 3.830694601386452547e+01 4.019660624909910496e+01 2.245403703395978567e+01 4.255357740415945500e+01 2.740117246578224197e+01 4.756299851476733664e+01 5.547779639758261538e+01 5.183396757087201934e+01 6.180576488275442415e+01 7.744205415161945893e+01 8.727933350561734471e+01 9.090731837848198893e+01 7.641514796254986663e+01 8.241201514986903476e+01 8.369191191902690719e+01 6.302686751951127775e+01 8.369191191902690719e+01 9.714214046932595181e+01 1.079456867945639971e+02 1.009824757289811714e+02 9.270751570252413387e+01 1.009824757289811714e+02 9.157056364747238320e+01
5.452144391090057240e+01 4.795706673868733816e+01 2.795957603216274379e+01 4.310693223511617589e+01 3.971113455035749951e+01 1.970816295492518933e+01 2.548572820790127835e+01 4.548898897621764092e+01 5.444565258358029070e+01 7.446424995721486084e+01 6.078338828556815088e+01 5.283515738574314469e+01 3.969924304177494889e+01 1.943644042291947827e+01 3.969924304167942353e+01 5.093323524673454017e+01 4.263653621199043187e+01 2.488123771456987043e+01 4.504813315744717528e+01 3.012611688512531316e+01 3.535942517194494883e+01 4.179497721040570468e+01 4.944867644674528862e+01 5.945530574706408089e+01 7.343243404762877447e+01 9.303260390209578645e+01 9.688973324524539521e+01 1.029160653218155090e+02 9.227963231722090143e+01 7.334607683158476732e+01 9.227963231722090143e+01 1.079456867945639971e+02 8.799275529099342918e+01 9.099200359633361757e+01 7.272515335997964314e+01 9.099200359633361757e+01 8.330593802300222706e+01
5.312054803765946076e+01 3.312261502791579915e+01 4.795706673868733816e+01 5.623955656388288560e+01 4.085476706843562056e+01 2.085348998259670594e+01 4.085476706843479633e+01 3.443102079388825842e+01 4.858242646705550527e+01 6.860073259335443652e+01 6.871223640499565022e+01 5.886285297923760140e+01 4.104970868247801263e+01 2.077211141786515469e+01 4.010053334388246071e+01 5.249759912380798710e+01 5.346830181913374247e+01 3.352212665407735415e+01 5.336481336300806788e+01 5.025113745162777690e+01 3.310476525320011376e+01 5.323898466304464705e+01 6.442790049394054108e+01 7.744202529719069616e+01 7.856792737044791863e+01 8.665509268877021043e+01 8.755424665073485357e+01 9.562832329366517570e+01 1.029506784642845645e+02 9.467144907565524647e+01 1.034180809893786801e+02 1.074983370795544459e+02 9.165418644241351842e+01 7.166854199622974875e+01 6.271650750543488329e+01 7.487175697178102496e+01 7.015507560957277633e+01
3.866820699531542971e+01 5.312054803765946076e+01 6.140324948866713584e+01 5.614617583872216500e+01 3.614568851420602869e+01 2.200398291822805419e+01 4.200369562452122096e+01 5.443776078784816974e+01 4.858242646705550527e+01 6.860073259347204555e+01 6.057028835835318858e+01 4.085397316155701475e+01 3.082711608587320029e+01 3.796521731018823687e+01 2.271309927096625714e+01 4.430591874156877452e+01 6.311111271892001184e+01 4.871314736091976982e+01 6.334103121521156510e+01 6.143118975603480436e+01 5.323898466304464705e+01 3.616494589392414127e+01 5.625372698786586056e+01 6.328031578682266911e+01 5.893068989838113936e+01 7.161480498507857817e+01 6.803249721787686610e+01 8.291742046793372367e+01 9.282802189630635326e+01 1.025227929765459720e+02 1.074983370795544459e+02 8.754344155792229287e+01 9.120523311337178995e+01 9.099200359633361757e+01 7.487175697178102496e+01 5.486057271631104726e+01 5.008855562594896327e+01
5.021315165504905309e+01 6.693823685225487452e+01 6.845573397996619747e+01 6.017290914705419169e+01 4.316027463925610874e+01 2.316172416410679702e+01 3.683294982884211066e+01 5.535150166431309060e+01 6.860073259341190521e+01 7.689449158418055674e+01 6.871223640499533758e+01 5.886285297923553372e+01 5.071213075956982408e+01 4.406762765425025208e+01 2.409519473838732750e+01 4.292938128636792072e+01 6.001672156224763910e+01 7.326823749534547403e+01 8.012179431913021688e+01 6.343438927870371202e+01 4.747880996298667355e+01 5.625375604848247946e+01 3.942627959755571254e+01 4.334613546351807400e+01 4.740509626917859975e+01 5.191371094625195326e+01 5.793185121935950832e+01 6.537801929410564128e+01 7.510183948499131645e+01 9.446859591262494860e+01 1.053149245070269870e+02 8.536080757722091050e+01 7.121578800484373062e+01 8.121051055910776029e+01 8.314979187114413151e+01 7.487175697178102496e+01 7.015507560957277633e+01
7.020970825780567282e+01 7.844563212130431396e+01 6.017052518826539398e+01 4.017210040906349633e+01 4.431808888093603116e+01 2.432693321386792462e+01 2.917708905364197491e+01 4.901096526057966685e+01 6.468489975120456847e+01 7.608807315701270113e+01 7.847666579422821087e+01 5.864423734733492211e+01 4.751858482854499499e+01 4.581287060090453878e+01 2.549043610250199521e+01 3.965993356785106982e+01 4.817376834926653117e+01 6.883882627587571790e+01 8.298383856658453794e+01 6.340706253694342109e+01 6.699946787279313298e+01 6.228199632071242320e+01 4.230887188329063520e+01 6.228199632071242320e+01 6.723036302980946743e+01 7.161480498507857817e+01 6.803249721787686610e+01 7.744998618118920319e+01 9.282802189630635326e+01 1.025227929765459720e+02 1.113364406869847016e+02 9.947988614024744436e+01 8.121051055910780292e+01 6.121354377477514674e+01 7.268377527207729827e+01 6.982680298509190209e+01 6.340478050299116575e+01
8.343736573719245087e+01 7.153598033680327717e+01 6.323141190071460471e+01 4.603086198911314852e+01 2.603298402443404669e+01 4.432543628239223210e+01 4.901096526057966685e+01 3.672415025606809991e+01 4.815611701740718331e+01 6.784293162667053423e+01 8.684548059297159739e+01 6.702640959442017277e+01 4.751858482905937819e+01 3.369306037716524571e+01 4.054806607811310926e+01 2.754576937080057775e+01 5.058808752180854640e+01 6.592379345129639034e+01 7.427523504304043911e+01 8.298383856658550428e+01 7.693615247057977058e+01 5.722103896629202069e+01 4.565307763334504187e+01 5.133648967188354817e+01 5.800503902607553641e+01 7.770312630445057778e+01 8.755424665073485357e+01 9.562832329366517570e+01 1.049061149428304134e+02 1.050828311271083635e+02 9.681025235588973032e+01 8.308193433102398728e+01 8.308193433102397307e+01 7.268377527239498193e+01 5.268496926128386804e+01 4.978303222558867702e+01 4.693113569903513849e+01
6.941032695217083415e+01 6.322933296267881076e+01 4.322074080077334912e+01 4.724927744464267221e+01 2.725239966341463571e+01 4.587977791107189063e+01 6.023232618638376579e+01 5.647674391249880443e+01 4.663715853716030324e+01 6.052555783707469317e+01 8.029648826085391988e+01 6.702640881913963256e+01 4.751858482875537248e+01 5.323229372666405368e+01 4.875304070429536552e+01 2.901624168417280103e+01 4.935407550751436645e+01 4.563601163547890138e+01 6.592487243456727697e+01 8.438340425130877520e+01 8.504028006549827978e+01 6.900494757415941649e+01 4.917861677118390418e+01 6.900494757415941649e+01 7.770312630445057778e+01 6.942025179819378877e+01 8.075774218020767137e+01 1.003011146563021612e+02 1.083167350706279279e+02 8.838692239228829806e+01 7.684067219640601820e+01 6.974592382951156821e+01 6.307293567536065382e+01 5.754089383235502453e+01 7.268377527239498193e+01 6.982680298509190209e+01 5.410819802010053081e+01
4.966691349719304327e+01 6.095603103179252003e+01 4.906066129364835149e+01 2.908138667848737668e+01 4.725044570050379633e+01 3.279765765907589525e+01 5.281741860017217505e+01 6.714981153091331123e+01 6.631632928783214709e+01 6.052555783707469317e+01 8.029648826085391988e+01 7.533245726684539534e+01 6.702640856304435601e+01 5.767024255619240591e+01 3.733240780363229305e+01 4.936740173997290526e+01 3.120131906393402943e+01 5.157752366566472091e+01 5.583879010644598395e+01 7.606390405502391161e+01 8.647979564926099272e+01 6.686775533337602440e+01 5.285540968047732946e+01 7.261198894899466438e+01 8.692009004202270717e+01 8.901774329635588856e+01 9.710887799729945868e+01 1.083894930540820098e+02 1.166013043125496154e+02 1.050828311271083635e+02 9.681025235588973032e+01 8.483798001891565832e+01 6.483092536669001049e+01 6.753247350848920405e+01 8.581043062747896499e+01 8.240197680473504249e+01 6.412603326529772119e+01
6.099213417633104228e+01 4.114293844855060200e+01 5.029016715016920358e+01 3.039102586070391965e+01 5.037044663164045488e+01 5.281708864704290107e+01 3.882848663934295530e+01 5.885610703275006728e+01 7.401905759630703585e+01 8.029648826085391988e+01 8.858551650673837230e+01 8.102491681031222015e+01 6.081592530011593567e+01 4.646558384154815258e+01 5.393192818488179796e+01 3.354573838436404998e+01 5.157485149659419932e+01 3.922352103887120478e+01 4.942556935308460453e+01 6.113358122687004936e+01 8.134224133876247720e+01 8.072013626883018844e+01 6.175475385157595554e+01 5.916571382466179330e+01 7.882566607870562336e+01 9.287690932497542917e+01 1.009448831555793475e+02 1.106887253002496010e+02 1.212280122359039893e+02 1.112502595145697342e+02 9.299815799588084531e+01 7.300988574201934966e+01 8.483798001891565832e+01 8.168548154358867919e+01 9.580697731594871414e+01 9.239742222997946897e+01 8.412161634902025753e+01
4.966691368982028365e+01 5.537942906134981769e+01 3.548723522713989098e+01 3.170908855634061752e+01 5.188994993466087635e+01 6.713190917527111878e+01 5.885610703275006728e+01 4.569589188794488166e+01 6.572656488212659553e+01 8.133884040153611750e+01 8.963205714783353528e+01 7.952013061376055703e+01 5.930506711334556513e+01 6.081592530011593567e+01 5.560677478305562005e+01 3.522549794059671768e+01 5.560641846410288025e+01 5.955016754810505120e+01 5.362372426201089581e+01 7.385786771586094801e+01 8.965114155241316496e+01 8.954872716545860101e+01 7.314614151540541798e+01 7.301227161882071925e+01 6.638956564691314099e+01 7.334093762202891753e+01 8.312897787901952995e+01 1.026248407709312005e+02 1.129362422636910566e+02 9.300666579487200636e+01 8.302486196248018757e+01 9.299815799588084531e+01 1.012710745091854108e+02 1.016481087190822024e+02 8.647434321346359809e+01 7.819730320887357777e+01 7.558417057559580599e+01
6.941107124593119693e+01 6.348673128626580109e+01 5.310260132806083533e+01 3.312256990005001711e+01 4.727181298144132882e+01 6.737296805934470001e+01 7.401905759630703585e+01 5.986380076890939250e+01 5.424181309018464958e+01 6.132843650959884485e+01 8.133884040153611750e+01 8.783597307224196982e+01 7.361612126715863269e+01 8.102491681031222015e+01 6.396878625679283203e+01 5.560677453292469608e+01 3.766189690510741883e+01 5.801361965755645400e+01 6.913910068197596104e+01 7.385786771586096222e+01 9.400335835531271300e+01 1.010095678409826547e+02 9.285118229976193049e+01 9.202488999564127425e+01 7.620778324852129515e+01 8.596990029086448715e+01 1.009448831555793475e+02 1.106887253002496010e+02 1.212280122359039893e+02 1.112502595145697342e+02 1.029714540292815173e+02 1.032537387612078135e+02 9.489517805149188234e+01 9.679867993271754756e+01 7.819730320887357777e+01 5.746674100740595037e+01 5.472059932603733046e+01
7.275565912746243669e+01 5.850159694475565431e+01 3.847186402737996502e+01 3.455050270449438443e+01 5.459315262998011775e+01 6.515300206872390731e+01 7.679473226324752488e+01 7.988024044891407982e+01 6.840380341257542796e+01 8.133884040153611750e+01 7.766710588518184011e+01 9.767618547027711884e+01 9.377367005070452421e+01 8.662233980446492865e+01 7.497339124704453184e+01 6.149305296310559044e+01 4.120464475645665203e+01 4.048883058610755370e+01 5.486833880972563549e+01 7.508274723928391836e+01 9.195645659071387001e+01 9.105294792091517309e+01 9.935911682544896451e+01 1.037985241627889650e+02 9.573184402833858542e+01 1.037985241627889650e+02 1.135362485799652177e+02 1.112786201830457031e+02 1.195461851321860536e+02 1.068823249100224899e+02 9.874445276820733852e+01 9.165447343883886333e+01 7.484145733024415392e+01 8.836147165950427507e+01 6.851862117072225544e+01 6.353858209840633720e+01 4.177175319197205283e+01
6.441199427017943435e+01 4.436886257205775763e+01 5.850158648753179591e+01 5.459309908296668112e+01 3.673853379114364515e+01 4.828914448460533748e+01 6.839640873227047280e+01 7.593313613617540625e+01 8.435564012299315095e+01 9.670850056364193392e+01 9.767618547027711884e+01 1.013315766754920020e+02 8.970653012843781937e+01 7.829952913494244626e+01 5.808835983090020960e+01 4.640404212045287125e+01 6.149305296311622726e+01 4.252411893824766054e+01 6.278540587828099007e+01 6.342947922521531723e+01 7.456581804229300303e+01 7.086042015810575379e+01 8.770593201777850823e+01 9.601838760542806028e+01 1.060833836302951170e+02 1.132224778187042347e+02 1.049596945609991110e+02 9.136961341893928079e+01 1.080431478991205552e+02 9.549381124734618709e+01 7.898627750775084166e+01 8.267559227484503026e+01 6.326075812063461967e+01 8.009267165664942922e+01 6.004582816565640968e+01 4.836015533929016641e+01 5.380416028052732003e+01
5.085795900897353761e+01 6.441199427017943435e+01 6.969545008304221767e+01 5.836272254217773536e+01 3.830953865817085102e+01 5.836273173465875885e+01 6.436478111289476089e+01 5.771434260744683797e+01 7.412779970354398529e+01 8.514138537506556759e+01 9.356491813107471955e+01 9.304518475862926152e+01 7.285614439912718865e+01 6.117023985420417631e+01 5.213670508260462100e+01 6.663060509661657704e+01 7.111463238353861982e+01 6.278115510126980325e+01 4.543954679678522268e+01 4.914732479764920470e+01 5.435640932816869508e+01 6.073471223969059452e+01 6.747522432385454749e+01 7.761527586309854598e+01 9.779658817245849889e+01 1.049596945609991110e+02 8.504061989752770501e+01 7.986219733537353704e+01 9.913154885811587747e+01 8.733706496288698418e+01 6.745625313562634062e+01 7.432864806726618667e+01 5.424154854344977394e+01 6.439437700823270916e+01 7.263379010773246591e+01 5.688012549641804583e+01 3.659249211407367852e+01
