LEM/with_lateral_4open/elevation_000391.asc
nrows	100
cellsize	150.0
xllcorner	0
ncols	100
yllcorner	0
NODATA_value	-9999
[rows 51 to 67 of 100, columns 0 to 36 of 100]
6.455108993161302877e-02 1.860431399716464895e+01 3.443238970634556750e+01 4.573633455350083210e+01 4.972478857942625297e+01 4.186592751389249401e+01 4.465100991193632751e+01 5.245981755773908617e+01 5.708347893071928780e+01 3.955011462400354816e+01 5.003292076652139286e+01 5.791509755405645166e+01 5.538756161674970713e+01 3.795661044168863896e+01 1.779770152803827088e+01 3.060465638092463436e+01 2.933124705976811342e+01 1.235727953307258176e+01 1.304354978812904875e+01 3.311327592559865707e+01 3.260689142938432639e+01 2.110158846143364997e+01 3.949962973758260176e+01 4.628450426850053390e+01 5.336746573026952234e+01 4.055677785652250122e+01 2.256187456812990177e+01 4.138599108615471067e+01 4.229816038261267153e+01 4.321375424844780611e+01 3.067864483083443972e+01 5.057924260771512337e+01 6.412554069111300237e+01 4.449721653603861427e+01 3.038027562969898199e+01 5.003935553090630606e+01 3.856511381133632455e+01
3.995603441288197999e-02 1.025364992804430919e+01 2.124929551680736850e+01 3.438559150646997153e+01 3.199001205914690971e+01 2.408732847175150482e+01 2.702815172417160028e+01 4.465100554284135370e+01 4.920673284779078216e+01 2.961630404244526460e+01 3.046550001160095533e+01 4.670260762782004349e+01 5.136552177360886873e+01 3.783777575563527051e+01 2.913856463137279817e+01 1.073674338280752139e+01 1.140459082597940466e+01 2.483435168120915293e+01 2.287809271236352160e+01 4.073904626233802162e+01 4.739202760742884379e+01 3.225766441810077367e+01 3.141329731139170889e+01 5.148573857970075807e+01 6.307012675703822424e+01 4.041659820990660990e+01 2.482083327517694116e+01 4.496082291815639564e+01 5.671235257472471858e+01 5.887104985719462036e+01 4.474812913275260229e+01 4.477213134999795585e+01 6.477580935358834324e+01 5.873929815025958590e+01 5.053547953099172219e+01 3.208604215775614676e+01 5.227174332293505188e+01
4.804567899273937126e-02 1.318262846160105006e+01 2.053668362301814909e+01 3.502927142454057563e+00 1.100562946007301335e+01 1.605090641710270560e+01 3.218976432586588743e+01 4.437557686362257670e+01 3.643565311650089455e+01 3.103619887420504142e+01 1.909973905784154979e+01 3.873525161867193845e+01 3.714570951066144744e+01 2.288130511081618224e+01 9.904903489569425901e+00 2.968057221760501818e+01 1.246126447465228004e+01 2.481802519343480284e+01 3.368015150463997998e+01 4.788608540428036520e+01 6.088341331975976800e+01 5.239928778727782799e+01 4.546302242858600806e+01 4.769336235471814689e+01 6.807473512675244365e+01 5.338648435288210692e+01 4.496082291815804410e+01 2.811647064290156806e+01 4.827550931158022962e+01 6.493870206623572017e+01 6.465684694810772726e+01 6.482920249106068411e+01 7.322503550856578158e+01 6.793236522047199344e+01 4.758988184300154956e+01 3.334322313597135690e+01 5.355120146236025391e+01
9.707512844716031930e-02 6.917920930969528870e-01 1.286833425033541367e+00 1.884362238868569461e+00 8.090450704871841481e+00 2.113609278898768551e+01 2.392638457162760801e+01 2.513213936654185332e+01 1.671866199183983070e+01 1.178615037903155027e+01 2.659768730654220903e+01 2.725988634178919412e+01 2.788890239002366300e+01 9.050776916012313933e+00 2.878707084074948597e+01 3.802704214959290141e+01 3.295333320831808521e+01 1.421167674371327294e+01 3.417106399721391341e+01 4.433107325081729755e+01 5.742265316619878490e+01 6.063756222054229283e+01 6.602586160110527658e+01 6.807473512679298722e+01 7.395147000195365194e+01 6.284348201946665569e+01 5.074893403037341955e+01 3.075096226637556995e+01 3.346250935905197821e+01 4.296286841660135991e+01 5.711722577480075103e+01 7.896828013694218384e+01 8.486241386373866646e+01 7.309253533556355364e+01 5.796018463222355166e+01 3.769715766058470052e+01 3.522316353045988535e+01
5.001202446392439237e-03 2.000500063410140683e+01 2.148707531708284435e+01 1.545976839440499617e+01 2.734323351202676555e+00 3.336099683474246458e+00 3.938572550332369637e+00 4.542728562058967690e+00 5.149464499303963549e+00 1.114815933443149198e+01 6.911974650665186459e+00 7.543997949002026360e+00 8.172231421538427298e+00 2.210852655372708853e+01 3.611850441722432237e+01 4.703361307186882101e+01 2.671758134863308598e+01 3.413210180113411951e+01 1.601574484845670554e+01 3.004431648335853566e+01 4.587893150429761135e+01 4.017636078766604157e+01 5.469217933740861781e+01 7.499098621050447377e+01 6.593399669290273835e+01 4.600270940031737865e+01 3.453553343043603263e+01 5.074893403037341955e+01 4.007791813054144114e+01 6.092713701417230965e+01 7.510206533609533608e+01 8.750976737248579695e+01 7.654517190242572156e+01 5.613863026862897954e+01 4.439902773107765199e+01 5.797825004108505453e+01 5.546068529013927417e+01
5.279685921607564503e-02 1.749186980253854529e+01 3.880006943852676216e+01 2.116284051309547820e+01 2.726745239934481901e+01 2.389257827317248584e+01 1.392134410612540130e+01 1.210285846478596028e+01 2.465399765438149160e+01 6.015804358865057822e+00 2.639805978268405440e+01 2.585268810909576231e+01 1.215318833201601478e+01 3.131798668088766036e+01 4.606022724618319586e+01 5.550601755454468389e+01 4.105782204624344445e+01 4.453922058520046789e+01 3.615548861651501511e+01 1.789708853885214168e+01 2.559257273756513484e+01 4.616930793613164496e+01 6.115185078066740232e+01 7.130095558458484106e+01 5.877744997926626525e+01 3.858159398366837678e+01 5.461393349565321387e+01 6.305791457634637709e+01 6.112388454636339929e+01 5.501563732439034737e+01 7.587049783197859654e+01 8.830927616711977635e+01 6.792687055415468933e+01 5.347955073349286437e+01 5.878959802641050203e+01 7.319341827562593039e+01 5.973365946039459828e+01
5.738623160518319517e-05 1.412327252666197097e+01 3.387212481987133827e+01 4.188243317761959617e+01 5.011842322262909022e+01 4.097333559509025491e+01 2.769590295345005870e+01 2.023712988689874237e+01 3.002864506998912475e+01 8.454070881243207936e+00 3.013946432269750275e+01 3.893329735287209559e+01 2.278183432691939814e+01 1.919182361398684478e+01 3.083277345650995827e+01 5.115443870837827234e+01 6.144956835504486037e+01 5.377473627678512003e+01 3.964969469638580080e+01 1.929917075370957136e+01 3.965285601760414380e+01 3.246277650797813408e+01 4.259495226739353058e+01 6.291134998983429938e+01 6.723045904475478096e+01 5.016453365913083928e+01 4.295171384733180275e+01 6.326359359598963295e+01 7.640474285130834176e+01 7.587049783197859654e+01 8.436105762882368708e+01 8.567206268174736294e+01 6.527667863598867370e+01 7.389678221270274605e+01 7.919501361667208528e+01 7.246063328155247518e+01 5.200067636843717622e+01
4.532054705376769438e-02 2.002194430887322696e+01 3.587255529863438142e+01 4.495272874962774523e+01 5.654383176659338517e+01 5.406525591882935089e+01 3.603367760500675843e+01 3.346785740098823680e+01 3.273681454108137956e+01 1.116208980080799051e+01 3.273684738401460947e+01 5.141385086921648195e+01 4.301331695944190869e+01 2.623778992430805346e+01 4.663225053141416510e+01 5.951086157918020092e+01 6.003039018968195961e+01 4.539369839012125851e+01 2.508927109643144959e+01 3.965282814799643063e+01 2.155497637353780149e+01 4.190753038274137765e+01 6.115185078085814041e+01 7.130095558353900742e+01 7.900420594311295019e+01 7.054291247323023129e+01 6.326359359598963295e+01 4.754916462045636649e+01 6.794198710686859499e+01 8.159477883053592961e+01 9.181311646839445473e+01 9.406329771613877710e+01 7.971888845449672090e+01 9.406329771613877710e+01 9.305631506954259180e+01 7.243942855381519053e+01 7.048286419597536678e+01
9.001595176218035732e-02 7.649308017562152173e+00 1.659367879159320225e+01 2.814271335585930345e+01 4.819572908277123702e+01 6.305629406087359001e+01 5.504673104245907211e+01 5.065606795382496585e+01 3.534956795536539431e+01 1.412406273180016392e+01 2.940406078675629686e+01 4.970329178828524164e+01 5.499152093708524092e+01 3.652586473903559749e+01 5.499152093709397349e+01 6.600035993995759043e+01 4.570190418986054226e+01 3.137427925280788799e+01 4.539330341493970877e+01 4.351246431331679076e+01 2.322861606798292300e+01 4.354469821708917010e+01 5.430001162460933983e+01 5.755803877337637431e+01 7.768897319469026286e+01 8.462650122892931392e+01 6.419229276729450362e+01 6.794203988604247968e+01 5.269582636605633041e+01 6.291322031759580824e+01 7.737201772240179309e+01 9.779241563106350554e+01 1.000442966403458769e+02 1.067000095832346460e+02 9.669304837446138379e+01 7.764490712782135518e+01 5.734035800952686657e+01
5.674351268809080251e-02 2.005674351268773492e+01 3.383295180784024581e+01 4.211794892371491983e+01 5.106335047939913352e+01 6.261061874376943592e+01 6.136334293215883662e+01 4.115744045727752365e+01 2.679580460311020218e+01 1.719042968107062208e+01 3.799336363357136293e+01 5.034537869213281880e+01 6.509074323102807114e+01 5.673863651547522835e+01 6.509073730822136383e+01 5.311186966279414889e+01 3.876082215696104072e+01 5.164718423144893222e+01 6.000966310311559226e+01 5.191328801936856507e+01 3.760060345030764495e+01 2.563614172879605491e+01 3.732141936300296692e+01 5.649960857109102363e+01 6.550116501174366590e+01 7.438303286924347901e+01 8.462650122892931392e+01 7.722329006712944022e+01 5.677242407439288030e+01 7.722329006712944022e+01 9.090731222780139831e+01 9.936652772522735688e+01 1.095724981099605628e+02 9.855553847536356216e+01 7.839604906407558360e+01 6.821306026523477328e+01 7.522456486294365163e+01
9.518805923843161321e-02 6.761854725905126706e+00 1.383292253777073100e+01 2.277719444793170922e+01 3.432419993445653006e+01 5.432452037321042582e+01 6.628634545553916269e+01 4.686523780160478481e+01 3.426798557226021558e+01 3.797719421882579383e+01 2.164432766529681729e+01 4.203070404813289684e+01 5.469292890200425461e+01 6.628484474452528730e+01 8.170709764748369253e+01 6.740949454634973392e+01 5.905123412846288744e+01 4.782664974851761031e+01 6.811624432303989352e+01 6.628871124219872968e+01 5.430140670735618613e+01 4.590053593679616029e+01 2.806660132199516511e+01 4.768489753819463317e+01 4.490010046511204678e+01 6.559264385294498823e+01 7.975642705517515196e+01 8.568419360342558377e+01 7.722329006712944022e+01 6.324528645265016280e+01 7.048736553110174441e+01 8.070565463945835916e+01 1.011089698161443522e+02 1.067000095832466400e+02 9.669304837446138379e+01 8.264695253313219325e+01 6.232008607360271668e+01
9.062254805971975413e-02 2.009062254805936476e+01 3.183436191905349233e+01 3.850102858571968767e+01 4.606031804590409706e+01 5.434458929336570776e+01 6.434458929336435062e+01 6.227195178232929607e+01 5.423416959587660102e+01 3.613724235062967693e+01 4.203070404813289684e+01 2.619080173272406853e+01 3.789056578906364336e+01 5.799176394725833461e+01 7.143337629113986509e+01 7.971395021514246082e+01 7.526806230298321054e+01 5.501588752573623253e+01 7.526806230298321054e+01 7.198900395973599586e+01 5.205884565709163070e+01 4.036505428073650137e+01 4.831202705318937518e+01 3.056033809381068878e+01 5.081071627742193186e+01 5.126396851102012420e+01 6.562504668866976942e+01 8.570472482008456439e+01 8.984551911704571125e+01 6.942257628397641156e+01 8.984551911705842997e+01 9.936652772522735688e+01 1.095724981099589570e+02 1.085802529758565100e+02 8.846387012871061017e+01 7.671578653606616172e+01 6.909941640851762656e+01
3.063233560239582431e-02 5.804135027498627863e+00 1.183436191905384760e+01 1.850102858572039821e+01 2.606031804590481116e+01 3.606031804590445944e+01 5.020245366963491307e+01 7.020245366963349909e+01 6.453968121858076756e+01 5.038662607855783904e+01 5.469292888788165641e+01 4.050230904299730383e+01 3.106830344762653340e+01 5.119519503382111481e+01 5.139161613339856416e+01 7.143349340770735978e+01 8.349507415439748570e+01 6.676107680893740337e+01 8.349507415439748570e+01 8.031476162512164763e+01 6.842859534261516785e+01 6.007430952167665339e+01 5.278372217669936362e+01 3.252199672929472030e+01 3.692536098218000262e+01 5.722158037090122917e+01 7.133594129202386114e+01 7.852154292600150143e+01 8.684196009458280230e+01 8.984551911705842997e+01 8.034795010103503898e+01 9.476870585402437541e+01 1.151964916669294183e+02 1.167601123795037807e+02 1.036950260431273705e+02 8.350810968555109071e+01 8.350810968555109071e+01
5.666595628964066211e-02 2.005666595628928661e+01 2.864947219795443445e+01 3.336351740586513870e+01 3.852749520080845258e+01 4.430099789270481381e+01 5.096766455937159890e+01 5.925193580683379224e+01 6.925193580683514938e+01 7.042135790246675242e+01 6.888354869826365245e+01 5.725931677417492693e+01 3.715352941989861080e+01 3.715352942025216265e+01 4.616823265130079790e+01 5.778241067956762578e+01 7.782042205614651209e+01 8.668581430609128802e+01 9.481205408605889318e+01 8.605082776031511571e+01 6.110889327984965291e+01 4.381188338478736455e+01 3.533174243869028430e+01 5.278372362898532089e+01 5.722158036328117703e+01 4.485887955209970812e+01 5.098545848334661201e+01 5.819759235683981302e+01 6.997623275765673156e+01 9.019465369917801922e+01 9.212113615398297384e+01 1.092149290331630738e+02 1.168375828351929187e+02 1.085600706431962550e+02 1.119003304707972148e+02 1.036950260431273705e+02 1.036950260431273705e+02
2.110006612196471329e-02 4.285114393234191965e+00 8.649472197954077402e+00 1.336351740586443526e+01 1.852749520080774914e+01 2.430099789270410682e+01 3.096766455937089191e+01 4.096766455937124363e+01 6.096766455937194706e+01 7.881554265027942563e+01 5.883987280819454213e+01 4.723070456147225116e+01 5.725931677418006416e+01 4.297268247705999755e+01 6.306859298856992524e+01 7.460233423336630665e+01 8.626751367846711105e+01 9.442377172900317817e+01 8.254685473817097829e+01 7.050349979638723141e+01 6.389416800819592623e+01 4.376413303849040659e+01 3.738668376434116425e+01 5.781123837986739744e+01 7.003228207119445869e+01 6.520003985757266207e+01 7.133594129202386114e+01 7.852154292600150143e+01 8.684196010702821411e+01 9.847759080627528760e+01 1.125416779883623803e+02 1.210079018716986070e+02 1.053063035584444975e+02 8.859248796421225336e+01 1.010999338112279560e+02 1.093750015178215875e+02 9.832152440532311743e+01
9.367352646185668485e-02 2.009367352646150096e+01 2.864947219795443445e+01 3.336351740586513870e+01 3.852749520080845258e+01 4.430099789270481381e+01 5.096766455937159890e+01 5.925193580683379224e+01 6.925193580683514938e+01 8.702920726523386463e+01 7.552095966383348014e+01 5.883987280819454213e+01 6.305560871333246808e+01 5.720007380844938183e+01 5.459954845022515002e+01 6.617928680828224230e+01 8.620308023769206329e+01 8.602773924924180449e+01 6.548275732948052053e+01 5.389632771971376712e+01 4.819826925820502339e+01 4.250799995937106956e+01 5.781123838882544419e+01 4.130615476128607355e+01 6.165723012546757076e+01 6.920740660579500059e+01 6.920740664628665684e+01 8.944610882928722617e+01 9.762261110725636115e+01 9.762261110725636115e+01 1.059465046045539225e+02 1.063603120141711855e+02 9.638224776853184039e+01 7.708635011142489191e+01 8.114685606833498355e+01 9.738069412723424989e+01 9.005135783272987737e+01
3.648181865326004941e-02 1.417861744238433452e+01 3.417861744238503974e+01 4.884172435353791997e+01 4.752719598895082243e+01 5.144964990670700899e+01 5.321881156740565899e+01 6.150779434388495304e+01 6.184478632516590579e+01 7.013582092993553374e+01 8.702920726523386463e+01 7.881554265027942563e+01 8.301611920306331172e+01 7.722331582430599894e+01 7.464233771102487935e+01 8.303089263136072873e+01 9.465678091858772802e+01 8.855751888095853985e+01 6.813568288271693518e+01 7.411710016232240150e+01 6.672397682724212586e+01 4.686078585671714336e+01 6.672397682724211165e+01 6.165723012546730786e+01 4.536566735125056482e+01 4.898033908343333565e+01 6.920740665369882549e+01 7.877399739179720939e+01 7.738594667981051600e+01 7.738594667981051600e+01 9.762261110725636115e+01 9.808570551792344361e+01 7.813810793023729673e+01 6.820819411251429187e+01 6.966984897308246616e+01 7.744477358776886433e+01 9.154940201912970110e+01
