LEM/with_lateral_4open/elevation_000323.asc
nrows	100
cellsize	150.0
xllcorner	0
ncols	100
yllcorner	0
NODATA_value	-9999
[rows 34 to 50 of 100, columns 37 to 73 of 100]
7.864761272699267636e+01 6.452457604218106724e+01 4.472013869749538628e+01 5.096316454660015438e+01 5.796157120510494565e+01 7.777128309072378443e+01 8.991160416410683354e+01 9.814647514519067784e+01 9.175197093259286873e+01 7.607350537262009027e+01 8.965858857057283160e+01 8.153697190943047701e+01 7.191884807104331401e+01 6.020549985586460195e+01 4.039985368926454612e+01 5.580899514048321919e+01 5.524758865872098568e+01 3.767395332268990416e+01 3.986043989925725839e+01 4.210036337738578283e+01 5.099952989405827708e+01 7.043597878148945313e+01 7.576175611000662968e+01 7.576178794994298471e+01 7.622085297429670447e+01 9.619781570137433846e+01 1.017900359510724542e+02 8.582134592245336080e+01 6.619895085910449950e+01 5.648962007718721878e+01 7.059612795522669160e+01 5.326510239191660645e+01 6.448462374596199709e+01 6.088713732902667175e+01 7.220996484598487086e+01 7.523683415237037764e+01 6.219249316331136157e+01
7.178977787369035468e+01 5.779114294185576739e+01 4.789548811885860147e+01 6.769504214568213740e+01 7.777128309072378443e+01 7.196202504138085487e+01 9.179607266077262295e+01 9.748877238023135305e+01 7.782824402207823766e+01 6.412695015125997600e+01 7.299836720959250158e+01 6.179796397640230055e+01 6.373985989366514104e+01 4.393872881030752353e+01 6.020549985569881812e+01 6.087527497756479278e+01 4.105712580888659602e+01 5.754907837442518570e+01 5.975106669287475114e+01 6.201502665535998915e+01 4.553576062284355430e+01 5.051632364634930639e+01 5.583448781883129897e+01 6.211742251033972906e+01 7.622085297429670447e+01 9.619781570137433846e+01 9.358546114215299383e+01 7.386448907351926607e+01 6.262693795021698406e+01 7.601014840103452741e+01 7.901187823321305359e+01 5.944720791143157612e+01 7.901187823286230127e+01 8.049160263927535652e+01 8.866759662078334259e+01 7.047862026740882868e+01 5.408231564245333090e+01
8.582566454976773684e+01 7.114137538879109002e+01 5.134369677371434904e+01 7.114137538879109002e+01 8.579339342162063531e+01 9.179607266077262295e+01 1.000332314252289763e+02 9.562214795192566896e+01 8.575975863303396807e+01 7.299897577452837538e+01 5.325608594932521811e+01 5.037739320247234076e+01 4.763789728136598711e+01 6.374008131860853155e+01 7.192169196389674823e+01 6.340619131715693158e+01 4.349724194585992620e+01 5.498667304607158712e+01 7.487130412576675553e+01 7.371825806717671981e+01 6.545687016205428677e+01 4.960303587031356898e+01 6.952297270212476121e+01 8.207196988954679284e+01 8.207196988954679284e+01 1.020292651070001853e+02 9.832345853975023431e+01 7.857578744514916025e+01 6.799698942381063205e+01 8.765043869270122912e+01 8.719063120157558444e+01 6.814835250816257428e+01 8.719063120157558444e+01 8.721476405666163600e+01 7.865208245839721712e+01 6.185910507941656533e+01 4.128365423134282253e+01
6.903896836549152738e+01 6.019016498587751585e+01 7.114137538879109002e+01 5.776173850478097194e+01 7.175765352550200760e+01 9.159225938237563014e+01 1.013828785023838321e+02 8.168057470498018802e+01 6.772709849718521014e+01 5.784598410303289029e+01 7.299897577452971120e+01 7.014254167801080087e+01 5.907124890712295695e+01 7.559911663495212508e+01 6.731090359012004853e+01 4.740069951530993109e+01 5.013222443249080840e+01 7.002903792663288129e+01 8.305295874727934802e+01 8.657447232280817673e+01 6.661344027251493571e+01 5.254073859564579152e+01 7.245989159812644687e+01 8.397866064021366128e+01 9.224356995511278967e+01 1.022326896274565513e+02 1.065272822434637021e+02 9.360356212758019012e+01 7.385928536341509698e+01 9.360356212758019012e+01 9.599721466871943676e+01 7.944791796063447009e+01 9.078641912740704356e+01 6.976913150053577795e+01 5.757416371813483380e+01 5.031323174734056636e+01 6.185910507941656533e+01
8.000108718059532009e+01 7.419043636772114780e+01 8.328812367575486064e+01 6.346982999082363364e+01 7.392673438664634489e+01 9.376473364887138473e+01 1.064450555443234947e+02 8.674602670926988424e+01 7.280277003240104250e+01 6.139516625554619367e+01 8.113430058863301042e+01 8.700839673270951380e+01 7.882836745154480695e+01 7.137448519315232431e+01 5.146708228322948031e+01 6.147349257443923420e+01 7.004693673884823113e+01 6.161864798450739045e+01 8.156019328777162514e+01 7.929961596339808239e+01 5.935856405239837130e+01 7.245989159812521052e+01 5.827953044080059186e+01 6.401161473132451363e+01 7.397919259386394231e+01 8.813243923178701777e+01 1.080908714497056593e+02 1.006097046674386064e+02 8.079334106786507164e+01 1.006097046674386064e+02 1.074145405176822123e+02 9.921070637400585213e+01 9.925047182732838280e+01 8.721476503833194727e+01 7.865208245839721712e+01 7.119991282071177352e+01 7.249926840530611116e+01
9.984912464031289403e+01 9.402923917925041053e+01 8.956039985265211101e+01 6.972572102004372141e+01 8.956039985265211101e+01 1.020035511214440191e+02 1.049733200773672337e+02 8.527615438882980925e+01 7.388956442141636671e+01 6.570953661648148625e+01 7.711279753669694514e+01 9.681514291298165631e+01 8.582485805515125321e+01 6.587989653641763255e+01 5.440251426514767985e+01 7.430962915319105377e+01 8.966242187497931582e+01 7.311851853179223326e+01 8.983542182213341221e+01 8.445564854401696664e+01 6.448642022677455543e+01 8.445564854401631294e+01 6.717055450538542516e+01 6.976967555831504342e+01 7.663077111050677104e+01 8.818751474355491382e+01 1.081451627389353973e+02 1.088180624934041418e+02 9.222364468223827316e+01 1.088180624934041418e+02 1.034779676501557617e+02 9.522393711711983144e+01 8.831264027606390243e+01 8.252299461748032172e+01 7.748392941910132947e+01 7.283096659310015752e+01 6.457127642078236818e+01
8.956764895985257624e+01 9.775831211370271490e+01 9.779546860730174274e+01 8.374503281379396924e+01 8.374503281379396924e+01 1.035999378280408223e+02 1.131572742017010853e+02 1.017748547018782261e+02 9.022221621937366365e+01 7.050458623268440306e+01 9.022221621937363523e+01 1.049900048376848645e+02 9.408462173903161840e+01 7.741935349144718259e+01 5.750740221033776578e+01 7.741935349144392831e+01 9.273337544630356888e+01 9.309173545492529911e+01 1.013683791083593917e+02 9.022912100697396909e+01 7.022922572309117584e+01 9.022912100697396909e+01 7.715280596155372450e+01 8.390190276348133125e+01 8.608771012012573465e+01 1.048745895501568555e+02 1.163869682266423951e+02 1.202665172988190108e+02 1.120652756448821492e+02 1.066781591518362973e+02 8.683886462653245530e+01 7.567583766470468731e+01 6.911055795743183694e+01 6.366853909553005053e+01 5.887207728314422184e+01 5.428922523356890650e+01 4.980393939004105874e+01
6.989238320529501891e+01 8.380023677010444771e+01 1.034914136881383513e+02 1.035999378280408223e+02 1.035999378280408223e+02 1.118459044008093457e+02 1.202451560163509043e+02 1.005293753112024859e+02 8.660791918900875430e+01 7.646316317577637278e+01 9.616148316535429785e+01 1.055473150200726451e+02 9.552344996470557703e+01 8.166852173562882911e+01 6.173815603697830312e+01 6.452542176400989149e+01 7.602879808559642072e+01 9.016094998824850393e+01 1.101101049603641826e+02 9.689928203474650559e+01 7.688879895142903820e+01 9.689928203474650559e+01 8.871266504148525200e+01 1.038711137587307292e+02 1.060494042805846107e+02 1.142953927708172444e+02 1.194248269957124648e+02 1.111845718604107418e+02 1.194248269957124648e+02 1.149572506919759292e+02 1.034779676501457288e+02 9.522393711711983144e+01 8.831264027606390243e+01 8.252299461748032172e+01 7.393383067579406998e+01 5.534232761782408971e+01 6.052886243819414602e+01
7.136067437329384688e+01 9.103761991407397147e+01 1.025315276981560260e+02 9.695568081308307740e+01 9.449296539895385649e+01 1.024069826036493112e+02 1.134002158281357993e+02 1.066820505945650552e+02 8.699987117728501573e+01 9.616148316535429785e+01 1.043338509936061058e+02 9.702108054049290331e+01 7.866463511947993936e+01 6.835641596999806779e+01 7.581941978831576989e+01 8.447127891572334590e+01 7.342776767928859272e+01 8.496721741836282149e+01 1.049328039314011818e+02 1.051496176472944484e+02 8.691540089493717858e+01 1.051496176472944484e+02 1.086668402265849380e+02 1.169076542431851919e+02 1.157404654513238000e+02 1.134979620214912046e+02 1.052441939415545420e+02 9.114646609344424633e+01 1.063637746260084498e+02 1.146175794816785469e+02 1.177781821845217110e+02 9.787968166281494575e+01 8.741493227667290000e+01 6.828430729235662966e+01 6.222323323368534886e+01 6.218681543094697872e+01 7.929563997379162288e+01
8.529628985462751700e+01 8.712637461833811869e+01 8.343696011134967705e+01 7.783732265075776979e+01 7.534340251207336792e+01 8.647240380473274968e+01 1.054492562892776135e+02 1.148664142671594277e+02 1.009089800182108831e+02 1.066820505945650552e+02 1.079464212927216948e+02 8.805539134171633009e+01 7.651356452702535194e+01 8.832457461844421687e+01 9.578950298453486312e+01 1.016617421090966218e+02 8.342025249147538091e+01 1.016617421090966218e+02 1.131792604453620470e+02 1.151222419348981703e+02 1.068831631745557615e+02 1.151222419348981703e+02 1.127022861022272480e+02 1.044467251674787320e+02 9.573368978272132779e+01 9.573368978272132779e+01 8.516393751938116452e+01 8.105365104662793385e+01 8.629248654899868143e+01 1.063637762613465441e+02 1.119260349924211226e+02 9.206149161180762519e+01 7.830192824211674463e+01 7.746766063152742277e+01 8.080946156296076310e+01 6.231857179320965656e+01 6.360072261172271624e+01
8.055412759398821265e+01 6.687099856891391880e+01 7.582034091124054953e+01 6.401831514686851676e+01 7.783732265075776979e+01 9.695568081308307740e+01 1.072869141546916723e+02 1.152424089335600428e+02 1.206194758765365265e+02 1.264139316408348463e+02 1.161924458338068575e+02 1.047823160684520190e+02 9.653547594251440955e+01 8.810256732854249151e+01 1.080550433369925969e+02 1.116383440587934786e+02 1.033910818756640566e+02 1.116383440587934786e+02 1.139339633168442987e+02 1.139339633168450376e+02 1.221595290165657559e+02 1.185709975821965116e+02 9.859625997465049352e+01 8.435938915933816418e+01 9.174237838531108480e+01 7.563700382835722280e+01 7.356119089100437236e+01 7.208404861829325228e+01 9.217122219166364516e+01 9.622430685207166334e+01 1.162274840630252015e+02 1.061338816088857016e+02 9.787968166281494575e+01 9.112563578560872202e+01 1.003848908866819869e+02 9.204074574030092037e+01 9.580025896116399053e+01
6.771926384591976955e+01 5.272007619068141793e+01 5.619361079843066165e+01 7.582034091124054953e+01 8.784248131275171545e+01 9.389482857688737738e+01 8.834764510209980415e+01 1.072869141546916723e+02 1.220137719714067401e+02 1.138962866997928813e+02 1.130654185061855515e+02 1.211789284716558797e+02 1.162896405065557701e+02 1.022322778058212691e+02 1.162896405065557701e+02 1.169850967125034344e+02 1.087494882516389367e+02 1.016432154948416127e+02 9.388992120521658080e+01 9.388992120521658080e+01 1.139339633168450376e+02 1.156718467327998496e+02 1.059378642813829430e+02 8.586241560268202022e+01 7.165347729187455172e+01 6.573937756796249232e+01 6.371545947295960133e+01 6.863832518198199750e+01 7.612752632139958564e+01 9.035480757057047185e+01 1.103945316218106285e+02 1.195482930149284897e+02 1.112786038244645539e+02 1.109241985290135801e+02 1.075028441008415001e+02 9.744533511234023138e+01 8.908033399211751657e+01
4.801132799798394757e+01 6.729337775164727020e+01 7.561442281042972979e+01 6.304570620446510532e+01 6.854207202112631592e+01 7.475562603192993549e+01 8.834764510209980415e+01 1.072869141546916723e+02 1.108058874204883324e+02 9.456017372536248899e+01 9.373444151280843073e+01 1.048659233565725941e+02 1.242661371787641258e+02 1.221124428528651720e+02 1.228551965860945927e+02 1.029067125526335644e+02 8.864991363046542006e+01 8.149258562457843880e+01 7.959653024665993826e+01 9.976068521732375416e+01 1.069322607088663091e+02 9.522144950783363981e+01 9.934284702093617625e+01 1.000269572535130465e+02 9.174237838531108480e+01 7.863338175292490462e+01 5.905205471305437470e+01 7.863338175292490462e+01 9.622430685207164913e+01 1.044979612632184711e+02 1.091483853730910170e+02 1.079746756081045049e+02 9.119883589001605628e+01 1.079746756081045049e+02 9.910475511384906611e+01 7.905591287038582493e+01 6.909493213447562709e+01
6.793773159159832176e+01 5.880280875727502377e+01 7.804001748634722446e+01 7.438762383944076362e+01 8.784248131275171545e+01 9.389482857688737738e+01 1.017950270178298808e+02 1.031956573333970795e+02 9.513669907097830958e+01 8.336681262152946204e+01 1.027325766689245654e+02 1.211789284716558797e+02 1.324332372353456719e+02 1.390485930851136800e+02 1.192158137725296569e+02 1.050917178032078567e+02 9.935375065134758188e+01 7.918723827429545281e+01 7.248533149454792124e+01 8.724726850123802535e+01 8.717376449196817134e+01 8.084548253403244189e+01 7.864097898013972099e+01 8.780600250740079105e+01 8.563767108912954029e+01 7.554179850172560862e+01 5.635137127727282547e+01 7.564725737412945250e+01 9.248153492070709092e+01 1.032399342370623145e+02 8.905580901248576708e+01 9.968554440224538382e+01 7.953094359774063093e+01 9.968554440224538382e+01 1.075028441008415001e+02 9.744533511234023138e+01 8.908033399211751657e+01
8.582795609290667471e+01 7.011084449989695599e+01 8.582795609309881968e+01 9.355689444829863533e+01 1.014691247634188613e+02 1.022451497987270983e+02 9.418072971578324371e+01 8.882763365165020275e+01 7.569085346270144044e+01 8.946589521089124730e+01 1.088272306595582108e+02 1.218696936595714675e+02 1.213551212017975018e+02 1.290172117531849949e+02 1.224623884217583338e+02 1.025120888625656193e+02 9.086904244798078878e+01 9.935375065134758188e+01 8.135424824654950271e+01 6.719052408119547692e+01 8.218508850334283977e+01 7.934421942102554226e+01 6.458363185605449530e+01 6.836542383452655258e+01 6.633856562249162891e+01 7.023669751306337616e+01 5.378441354951033304e+01 6.445943665210434403e+01 8.420003762461364261e+01 9.318140197478210496e+01 7.479010875129461056e+01 8.396591582769630691e+01 7.240533231642521628e+01 8.667020416322925769e+01 1.067786000229530998e+02 1.035843888200237330e+02 9.519502914743003430e+01
8.494862192367560283e+01 8.887146921683971357e+01 9.667115913848441267e+01 9.958836882738674490e+01 9.150259842882788064e+01 9.100378911110693991e+01 7.470955209947537412e+01 6.929737822352488763e+01 8.882763365165020275e+01 1.031956573333970795e+02 1.115372739023537747e+02 1.044333412199825233e+02 1.034579541175049826e+02 1.191754752165203541e+02 1.306707043479641186e+02 1.191749977142210497e+02 1.109440776008447926e+02 1.097346882853204022e+02 9.554446826593490982e+01 8.245761962504347764e+01 6.257338418823248816e+01 5.968248720563791920e+01 5.696805407920144404e+01 5.508093800178146893e+01 5.324089372566441369e+01 5.139541322325892736e+01 5.128184982312024687e+01 7.011364247111667680e+01 8.939563130378066091e+01 8.486544856414656124e+01 6.478840948420207724e+01 6.389929155073647848e+01 7.389002119631049936e+01 8.815508886269820721e+01 1.082536135749867725e+02 9.519502914743003430e+01 7.506397991514270984e+01
6.873087047604224153e+01 8.812207107477247803e+01 1.025448980087962951e+02 9.150103411651178931e+01 7.197818608735028079e+01 7.769488112288212278e+01 6.331719398734840354e+01 8.293904007756897556e+01 8.809585333653477335e+01 9.184552656627758438e+01 9.065579321276590008e+01 9.178276035510515385e+01 9.273103767272473874e+01 1.119206808551603700e+02 1.280088894523304077e+02 1.246489944974692179e+02 1.164040873183366926e+02 1.129494885789098646e+02 9.297482967979108537e+01 7.876343710298918666e+01 8.118865179116268393e+01 6.144467265644797038e+01 7.634136731238751850e+01 6.841241123818221581e+01 7.220336454285943262e+01 6.750264445348243214e+01 4.872025036078920124e+01 6.179483358507530255e+01 7.971967807719653365e+01 7.206477370169621111e+01 5.742931825157268833e+01 7.727704106870965006e+01 9.228320905470479829e+01 1.023427775272231912e+02 1.068571726311483587e+02 8.665774759218984968e+01 7.245834008962062001e+01
