LEM/with_lateral_4open/elevation_000245.asc
nrows	100
cellsize	150.0
xllcorner	0
ncols	100
yllcorner	0
NODATA_value	-9999
[rows 34 to 50 of 100, columns 0 to 36 of 100]
2.064481644892168788e-02 1.998311903286017355e+01 2.780535790650825945e+01 3.251435979558989686e+01 3.737241409878988918e+01 4.564087225493513245e+01 5.716776420955324056e+01 5.448795710144086968e+01 3.592225880509873548e+01 5.448795710144086968e+01 6.038147083292220429e+01 5.480102081248480772e+01 3.453696977687886971e+01 5.480102081248480772e+01 4.260979154829395554e+01 4.624039714511674504e+01 3.470064708130843911e+01 2.330857991639449622e+01 4.319766329388949799e+01 4.877510753846745217e+01 4.027214632196682231e+01 5.206279481090456329e+01 7.200732693014860786e+01 8.066783753832891080e+01 8.905227305126699378e+01 8.859829615539570113e+01 8.040864946014609416e+01 6.091153192825541396e+01 8.082028377041672229e+01 9.029799518920891899e+01 1.001964117183026985e+02 8.980537674303836582e+01 7.158292293349344959e+01 5.751297332954018060e+01 6.892560570728717551e+01 7.714993319757684276e+01 7.277965938127331924e+01
2.905961989428186565e-02 1.421077969631775950e+01 3.461067064589376940e+01 3.603137602013683249e+01 4.453657077441684464e+01 5.287397561291689385e+01 4.819897889397989132e+01 4.909439690605356788e+01 3.046959879078445965e+01 4.206794826233794282e+01 4.085878559654664599e+01 4.128472618739274225e+01 2.866746355336257324e+01 4.895129315234508738e+01 4.601312521299175984e+01 2.725552333142033490e+01 2.054063980769656794e+01 2.215234742876753415e+01 4.213119576255979126e+01 5.260965551313631750e+01 6.048086760436367371e+01 6.867052498901668400e+01 8.013339654139305424e+01 8.068522371592652576e+01 7.259444354220106277e+01 7.713383929942801842e+01 6.050485562723152810e+01 5.512914013628685694e+01 6.220995177079289107e+01 7.219946191537761138e+01 9.201698536159837261e+01 9.973472176859421268e+01 8.443863055294971787e+01 6.455731205183207067e+01 8.443863055294971787e+01 8.684774995802237640e+01 6.695248013791571395e+01
3.542675937824442400e-02 1.999423918938049027e+01 3.168334094162768722e+01 1.523228281218780999e+01 3.219872082681324343e+01 3.457668498371771904e+01 2.912921758951938855e+01 4.266941675897768960e+01 4.206794824679506917e+01 2.315285614998881769e+01 4.085795740689497535e+01 2.103359275803853023e+01 3.454523046668339248e+01 3.576797572577073225e+01 3.699769239417244648e+01 1.874456449298415706e+01 3.876379274412059317e+01 4.217118805971801976e+01 2.445449578336225116e+01 4.447680199051564642e+01 6.174723678976865671e+01 6.996796837352734144e+01 7.742811908153574052e+01 6.928529231943463174e+01 5.261056982556392114e+01 6.348303561707675868e+01 4.894783214942840743e+01 6.891827567859452586e+01 8.210822363843205096e+01 9.029799518920891899e+01 1.001964117183026985e+02 1.051385237724426389e+02 9.269265911744776076e+01 7.602897088490641408e+01 9.269265911744776076e+01 9.510289597859969035e+01 8.684774274105413383e+01
3.411803931810562102e-02 1.941800225842760241e+01 2.153704842627652383e+01 3.655216859224716064e+00 2.365849286990621181e+01 2.570194877424408730e+01 1.507868200515311585e+01 2.787738269576308880e+01 3.401758785621603209e+01 1.834401385562962616e+01 3.170224038316802151e+01 3.281357228364738177e+01 1.452995096848532341e+01 1.575164550566566923e+01 1.698023605045628770e+01 3.699769239417244648e+01 4.703219451466755174e+01 4.612204946898033597e+01 2.609907878107119217e+01 4.612197093077566734e+01 4.175902406784481968e+01 5.843185044217350566e+01 5.768455551115539492e+01 5.770861996824903883e+01 4.104596087745731836e+01 4.349565983415984505e+01 6.348303561707675868e+01 7.171963841878809376e+01 7.548903754239110242e+01 7.964306522133192345e+01 8.538101283880443759e+01 8.538101283880443759e+01 9.984811596485744190e+01 9.592643929667832481e+01 1.041889034444653106e+02 1.003764989224301729e+02 8.047283469399127398e+01
3.327314952832965272e-02 2.003326893317522561e+01 2.324836648749234680e+00 2.218548561833542010e+01 4.996019905532703476e+00 5.946248581823867063e+00 6.914116418815525300e+00 7.891180356307591737e+00 2.454462522586652540e+01 2.989178319125918293e+01 1.169575879685921826e+01 1.286617026947176967e+01 3.287646503213576210e+01 3.576693460308176498e+01 3.699647963322038891e+01 3.113749374726773667e+01 5.114557212150288734e+01 5.437708107758833620e+01 4.612196014306180558e+01 2.846641310790750623e+01 3.018380321741663508e+01 5.017271471370662539e+01 5.450476221421688194e+01 3.770215224171311519e+01 5.769907819951914263e+01 6.348146432654179705e+01 4.821750781255605034e+01 5.175790873024492100e+01 5.554325215056174869e+01 5.972104832995398738e+01 6.550417922954186167e+01 7.257439158275390412e+01 8.010306076224475191e+01 9.152186770026207796e+01 1.112219826125106863e+02 1.003764989224301729e+02 8.047283469399127398e+01
6.779948344387334846e-02 1.000304291684188218e+00 1.514225007580115445e+01 3.035828942602764258e+01 2.498938897792922376e+01 1.129147316015226643e+01 2.590491209236884274e+01 2.789478200016418796e+01 9.281276450022957647e+00 1.026900604667631356e+01 3.028512110904200583e+01 1.483828920209195878e+01 3.469718480922706760e+01 4.033082967425234955e+01 4.856919324634732504e+01 5.114552394600393370e+01 5.939807804050312967e+01 6.261949327560790834e+01 4.263762024255252214e+01 4.263765986944432029e+01 5.020540512386172338e+01 3.267985629483531085e+01 3.448852274363412818e+01 5.450484483119304002e+01 6.591876179157124227e+01 7.636505751826905453e+01 6.236395407334394747e+01 6.589930252103057740e+01 6.709437008404637481e+01 7.964306522133192345e+01 6.972336624703450525e+01 8.956276419562935587e+01 9.984811596485744190e+01 1.080247029286041567e+02 1.194099750980053756e+02 1.086381817996569197e+02 1.003764989224301729e+02
9.516927588586144779e-03 1.995358914995854605e+01 2.922277214763262165e+01 4.328259735670188491e+01 3.678807830143045265e+01 1.683846913807511925e+01 3.678808418444377537e+01 3.044545425675186578e+01 3.009503904566126309e+01 1.561431519438436055e+01 3.566495646556674615e+01 3.469575851434962743e+01 1.803922874214753591e+01 2.051630062714238179e+01 4.033085270001622291e+01 5.219577092052458767e+01 6.369478993596344907e+01 7.084639255570652949e+01 6.261951103666030605e+01 6.262254156150375906e+01 4.903814851154330512e+01 4.685183662923967773e+01 5.450484483119304002e+01 3.892037923822128676e+01 5.892259533549676576e+01 7.192504821174968299e+01 8.225828883938001468e+01 8.577117228072125954e+01 8.695636607291744724e+01 9.514228091363688122e+01 8.377867428042954145e+01 8.377867428042954145e+01 1.035267925148902037e+02 1.105384421330645637e+02 1.023047893521549554e+02 1.023047893521549554e+02 1.054311702334759104e+02
1.945935296826603253e-02 2.001945935296756574e+01 3.540093679543473115e+01 4.697258304768185155e+01 4.309105614403355844e+01 2.316291600439513942e+01 4.309105614403355844e+01 5.300536720838591975e+01 4.146010814489900298e+01 2.138805291313417101e+01 4.146008819043358073e+01 4.359356565346695334e+01 2.377696481215492241e+01 4.033085269998821332e+01 2.414631926962902853e+01 3.552802992886677202e+01 5.544447401487603599e+01 6.842117521912261680e+01 7.665379536683538220e+01 7.722575009726612905e+01 6.899658368261727048e+01 6.681937571684638044e+01 5.526568946747673294e+01 5.892259533560824281e+01 4.371373070537426031e+01 6.370029898777247723e+01 7.501049249416560372e+01 8.252893413076597540e+01 9.071662144300128716e+01 1.006124778459521139e+02 1.035267925148902037e+02 1.035267925148902037e+02 1.117098640700545644e+02 1.023047893521549554e+02 8.217936044511991156e+01 8.217936044511991156e+01 8.535141991979185150e+01
5.600688922766024203e-02 7.127074779109558555e+00 1.867417151480429638e+01 3.868602878573061332e+01 5.127868357514103792e+01 3.728219565000726021e+01 3.728219565000726021e+01 5.711488593064505181e+01 4.816332657421787644e+01 2.805367128626127027e+01 4.816332657421787644e+01 4.987600836844817564e+01 3.000993842978259352e+01 4.987600836836559637e+01 4.394571072805715062e+01 2.794162124446232554e+01 4.775970253664299747e+01 4.843206176488365600e+01 6.447512793349325477e+01 7.155156581015893380e+01 7.976996297567876582e+01 8.339956518486755499e+01 7.519396048618297357e+01 6.972010232429377652e+01 4.975467334424753574e+01 4.989679735340421018e+01 5.506875452144321770e+01 6.263700780309961402e+01 7.262279875328381706e+01 9.243507020915488681e+01 1.059423441959381194e+02 9.769445453397335655e+01 1.059423441959381194e+02 1.005524578482769300e+02 8.037767782122692495e+01 6.771150788289125444e+01 7.092486300688877066e+01
8.215197286175310309e-02 2.008215197286139642e+01 2.345776862132741059e+01 3.760282311502758290e+01 5.762101341320218495e+01 5.711488593064505181e+01 5.711488593064505181e+01 6.527517150027483694e+01 5.667580816141181543e+01 3.804740160303494179e+01 5.667580816141181543e+01 5.813088149422827655e+01 3.883708030712413972e+01 5.813088145514548444e+01 5.406122876357212448e+01 3.413406223591680799e+01 3.220978388781440316e+01 3.812563164663600901e+01 4.441766133314641962e+01 5.153637697321749300e+01 6.314504083540118273e+01 8.303509248322647807e+01 8.957101991471590452e+01 6.972010232429377652e+01 5.732485070841178043e+01 5.885228717482928573e+01 7.501049249367740401e+01 6.771340031168827522e+01 8.756703114676282951e+01 1.006124955115747355e+02 9.588674226369931830e+01 7.750080693514344432e+01 9.588674226369931830e+01 9.572968797293754051e+01 8.037767782122691074e+01 5.991527591091651317e+01 8.037767782122691074e+01
2.613274238814250472e-02 1.416826836611921792e+01 3.416826836611992491e+01 4.408385737498187495e+01 5.563086650819600010e+01 6.635469396663899033e+01 6.049726806250885147e+01 6.635469396662085728e+01 6.686402201268178658e+01 5.827925154540084662e+01 6.686402201268178658e+01 6.705378796103771322e+01 5.295864257748186787e+01 6.705378794585531921e+01 6.114123213547765801e+01 4.111597017649203423e+01 5.210013242796345878e+01 3.764564611140551165e+01 5.764770557663631934e+01 7.155156581015893380e+01 7.976996297567876582e+01 9.123946265517015775e+01 9.127239841260828257e+01 7.144423526997437079e+01 7.144423526997435658e+01 7.038601162546157752e+01 8.696323054656529905e+01 8.177755334091364148e+01 9.575063744922853459e+01 1.005722367625379121e+02 8.040085589394919907e+01 6.724207756468818786e+01 8.759763073455842175e+01 8.743843583955714394e+01 6.707791018181714549e+01 5.519687760228394069e+01 7.307505009090304782e+01
7.532853315450405152e-02 7.634617993339081643e+00 1.579958380261641260e+01 2.734658918640913328e+01 4.734658921938495979e+01 4.635531833518632538e+01 4.049753095973662198e+01 4.635531833518563616e+01 6.085732947725522735e+01 6.234470784464711812e+01 7.062742079861315858e+01 7.907883934093202072e+01 7.292512120091417671e+01 7.377911925996501452e+01 5.379688483881560046e+01 6.114123212626368797e+01 6.174274541491568158e+01 4.168096955441355789e+01 6.174281341955028068e+01 7.597219248443018103e+01 8.348335823020840962e+01 9.168450923013752174e+01 9.945403309522890822e+01 9.127239841260828257e+01 9.127239841252131214e+01 9.021858860289212600e+01 9.839981987300907917e+01 1.015440669847019564e+02 9.000229865803487428e+01 8.168129305039958865e+01 8.040085589394918486e+01 5.996363571252231850e+01 8.040085589394918486e+01 8.581485095173368904e+01 6.544553638951703078e+01 5.092975780238587902e+01 5.259446045490761890e+01
6.101047412966256744e-02 1.420314609786073845e+01 3.420314609786687043e+01 4.408385774509552846e+01 5.475484351869275912e+01 4.635531833518341216e+01 2.635539894559780905e+01 4.293575042361715077e+01 4.085759187044449448e+01 4.234494737370349782e+01 5.079784076340871479e+01 6.802493206311876861e+01 7.957086840630992697e+01 8.199926337758171258e+01 6.795960284794810491e+01 7.586590661579894856e+01 5.589283803879310142e+01 5.329104694459887526e+01 4.927653278591471775e+01 5.600853477187841634e+01 6.361068161069237448e+01 7.768734920808373090e+01 9.747616181905858923e+01 9.536773377628084347e+01 8.679971302745681783e+01 8.755169543068737426e+01 8.755169543068737426e+01 9.611950816921405760e+01 8.168129305039958865e+01 6.128757553050414231e+01 6.726075709847864914e+01 5.427013358086728800e+01 7.473258567360497295e+01 7.220114993550770066e+01 6.380601353188911418e+01 4.693577295606062449e+01 5.466145841100274083e+01
6.842009524227352091e-02 2.006842009523865400e+01 3.732060514855395184e+01 4.560460025806774809e+01 3.475518321979753722e+01 3.475518322010695726e+01 1.928433113377214525e+01 2.293581485047318935e+01 2.671545958056539760e+01 3.079794248520395783e+01 3.974221437862429696e+01 5.128921763860532224e+01 7.128878733590248373e+01 8.586054371996586099e+01 8.782882805225170841e+01 8.408133283126299773e+01 7.586591061969598115e+01 6.746948071955007720e+01 6.349054958278162530e+01 6.931763991357961174e+01 8.348335823020840962e+01 9.168450923013752174e+01 9.536773377628084347e+01 8.343926747777442188e+01 6.614907793095420629e+01 6.689896644875888398e+01 6.689896644875888398e+01 8.755169543068737426e+01 8.168129305039958865e+01 6.128757553050414231e+01 4.680748735574995578e+01 6.147569842740291080e+01 6.873110561385739459e+01 6.032695839870747534e+01 4.337209365518706505e+01 6.380601344016236709e+01 5.988995573309266973e+01
1.934550753332892059e-02 2.001934550753176012e+01 1.732063538596616681e+01 2.823543994128931445e+01 3.075519454381674223e+01 1.475522299719384023e+01 2.231451245731332378e+01 3.047947826316929820e+01 4.671537938641374410e+01 5.079784076192910902e+01 3.896290829026811053e+01 4.603397607760373234e+01 5.758097719098891076e+01 7.758024690747920715e+01 8.099284285675892647e+01 7.270454709398367754e+01 8.099293315109737534e+01 8.733563001180624497e+01 8.338548041936515176e+01 8.918553953590422623e+01 8.989398019559868658e+01 8.131983541910882707e+01 8.679971302745681783e+01 6.614907793095420629e+01 5.427201142150333624e+01 5.235278925510363734e+01 6.516374869099298905e+01 8.580212855125571991e+01 8.758522294489193882e+01 6.726075708802981978e+01 6.147569791891092450e+01 4.105098584141120455e+01 5.705738217664985257e+01 3.990765496871723172e+01 4.902292419668961543e+01 6.947239487432865701e+01 8.030871137053637199e+01
4.364784840791047227e-02 2.004364693683598375e+01 5.773630024212414114e+00 8.235459843799047164e+00 1.075522299719387398e+01 1.892018880601135322e+01 3.891997315413573943e+01 5.047919088878883542e+01 4.462159965417920660e+01 6.462027853339559158e+01 5.050991199572205659e+01 6.603369684323477884e+01 6.236384058392121688e+01 8.236268462653914924e+01 7.105140921174547941e+01 5.287434779636399895e+01 7.105140921174547941e+01 7.167245499656576158e+01 7.995427240931014978e+01 8.329910889333982027e+01 7.471711889824302943e+01 6.052131654462876043e+01 7.790264047372006928e+01 8.343926747777442188e+01 6.516374869099298905e+01 4.464059755262456974e+01 6.516374869099298905e+01 6.930136001961957959e+01 7.785575580459678235e+01 7.402196708008190740e+01 5.761571937777183905e+01 3.719214163499464121e+01 3.663334905000494501e+01 5.107663576082300239e+01 6.873164192783569604e+01 6.573968758115678668e+01 8.608106346680959575e+01
5.219006137575642884e-02 2.393013005298362472e+00 2.239300856784613813e+01 2.823543994128934997e+01 1.969949490637623413e+01 3.891997202849744752e+01 3.525003162469864293e+01 5.524732465362598077e+01 6.461983231142120587e+01 7.289586811258065779e+01 7.050949750020893703e+01 7.879142902019663097e+01 8.236268462653914924e+01 7.057870609254710814e+01 6.231748812520486069e+01 4.299025214644478154e+01 5.764000468952443157e+01 5.182757345902133750e+01 7.167245499656576158e+01 7.471711889824302943e+01 5.398308723342563553e+01 4.861507181080817475e+01 6.864109806338271369e+01 7.524561047206796616e+01 5.465412286244357887e+01 4.018709980551299310e+01 5.476792947059087879e+01 4.874798543135093354e+01 6.930136001751647257e+01 6.567257098548057570e+01 4.525192011821269489e+01 3.344495542353335793e+01 5.388695747162490335e+01 6.546797153722773999e+01 7.985946937503020138e+01 8.608106105649325457e+01 8.631842078158499021e+01
