LEM/with_lateral_4open/elevation_000573.asc
nrows	100
cellsize	150.0
xllcorner	0
ncols	100
yllcorner	0
NODATA_value	-9999
[rows 0 to 16 of 100, columns 0 to 36 of 100]
8.271705653423140625e-02 2.127631151761726416e-02 9.425194436011796739e-02 4.939197167322698090e-02 3.975871534419905817e-02 6.171646774684565184e-02 1.696294146011132625e-02 1.936121709489252440e-02 4.216450047424835645e-02 2.297044857093000214e-02 6.704298068806634203e-02 4.162315340452049650e-02 3.835349583220235004e-02 2.777463300387698203e-02 2.207885817162396139e-02 7.161913568127860341e-02 9.025521335945362045e-02 3.502399586135773735e-02 8.040414306008919487e-02 3.131346976591601466e-02 7.604099264847130613e-02 2.387740603804927586e-02 5.687112022313325910e-02 4.074439634684711570e-02 8.709178300582484655e-02 7.612946965408906586e-02 1.077918208624280109e-02 9.929772718869623455e-03 4.600412614040166881e-02 2.152795518990661267e-02 2.378824418737431057e-02 9.511189423522797837e-02 9.406546861214974686e-02 1.749038473908382007e-03 2.223905489293687143e-03 6.269637160239108220e-02 9.476101746191394060e-02
7.813061968023242432e-02 2.002127631151726206e+01 2.009425194435976181e+01 1.419152759540405206e+01 2.003975871534384368e+01 7.621005927906423949e+00 2.001519155644982462e+01 4.283375544207119745e+00 2.004216450047389131e+01 1.416510607233970553e+01 2.006704285261386644e+01 2.004160542923567334e+01 2.207658074018768346e+00 2.002777463300352068e+01 2.002207885817126964e+01 6.738285802347974141e+00 2.009025521335909659e+01 1.417715070571805391e+01 2.008040414305973442e+01 3.193591129934301609e+00 2.007604099264811737e+01 2.002387740603769473e+01 8.221836929500465629e+00 2.004074439634649352e+01 1.163409716679844230e+01 1.421826509338516509e+01 1.415291480581731776e+01 2.000992977271851458e+01 1.222474714375694660e+00 2.002152795517440254e+01 1.416592386793787206e+01 1.423724751796630272e+01 2.009406546861179521e+01 8.166714847751240569e+00 2.000222390548893969e+01 2.006269637160203700e+01 3.218236255234028675e+00
2.526786264046545702e-02 8.969539772639700814e+00 2.896953977264005786e+01 3.419152759540334330e+01 3.590981495812970792e+01 1.656527783647088015e+01 2.864752807880647723e+01 8.647733348927005181e+00 2.864778119365592701e+01 3.416510625843483240e+01 3.593684388625879222e+01 1.593684236046329517e+01 4.389836976378701294e+00 2.438983778848500705e+01 3.380935361421421703e+01 1.380935361421351182e+01 3.380935361421421703e+01 3.417514795568517627e+01 2.639616896250938183e+01 6.396154206036057666e+00 2.639616896250938183e+01 3.650610817696336596e+01 1.976884231329318453e+01 3.650610817696336596e+01 2.577623279052964378e+01 3.421826509338586675e+01 3.415291480581802119e+01 2.240098601399381195e+01 2.400986016353271690e+00 2.240098601399288825e+01 3.416592401220348307e+01 3.423724751796700616e+01 3.645098609522256083e+01 1.971372023154395947e+01 3.645098609522695909e+01 2.638022942925909931e+01 6.380513915402394431e+00
4.163169627051844027e-03 2.000416316962669683e+01 2.529947139119451194e+01 4.529947139119521893e+01 3.656568661618185700e+01 3.070742588676663587e+01 3.381177564192538654e+01 1.381171114387027288e+01 2.497767232280560989e+01 4.497789296940199932e+01 4.422135067156473553e+01 2.664001369328917690e+01 6.640012778230758528e+00 1.818701816206024091e+01 3.818702032702425697e+01 2.380935361421368768e+01 4.209362486168546980e+01 4.172184272966036644e+01 2.172280274787179621e+01 1.017579893612836273e+01 1.639615420874149621e+01 3.639618371627729232e+01 3.976884231329388797e+01 4.805311356075608842e+01 4.577623279053035077e+01 4.421253419150438191e+01 3.593154141998259377e+01 2.358568376819787105e+01 3.585683771871453818e+00 2.358567985562573810e+01 3.777572466192992096e+01 4.650961395616116789e+01 4.799799147903917884e+01 3.971372023154466291e+01 4.385440770499744900e+01 2.385593079967360097e+01 9.713847248735698159e+00
5.883922493566802470e-02 1.420097484866649218e+01 3.420097484866577986e+01 5.358374263865741227e+01 5.656914652584939773e+01 5.070877912105387963e+01 3.935880235826916618e+01 1.935871310612304796e+01 3.935880235826916618e+01 5.326323431461769076e+01 4.310710469776454090e+01 2.310710118038921834e+01 8.964965553107164808e+00 2.896496658853117623e+01 4.647137901356867218e+01 3.795148923794513962e+01 5.209362486170909534e+01 4.999377822705009322e+01 3.425756910698588342e+01 1.425828184076702776e+01 3.425837831742121864e+01 2.794315977412399121e+01 4.794322916005683766e+01 5.901278349533085787e+01 3.901850453858472179e+01 2.487728462803372409e+01 1.593634453373935145e+01 2.474795388039163058e+01 4.800001756223887028e+00 6.978306197050001991e+00 1.653349264171434996e+01 2.965996223475759308e+01 4.991795006291036430e+01 5.539959247216238225e+01 3.540274587266249284e+01 2.126084333111224822e+01 1.363616995149875599e+01
1.256007409845548775e-02 1.415469569782953130e+01 3.415469569783023474e+01 4.968559502982307663e+01 5.796986627728468733e+01 5.935948165532648346e+01 3.935880235826916618e+01 2.642978091824641851e+01 4.642991898361319159e+01 5.981386828554352064e+01 3.952477854360837739e+01 3.135542394777240105e+01 1.135542277177597192e+01 2.549755839978061189e+01 4.549756240029230980e+01 5.795148923794584306e+01 6.254350510607961411e+01 4.254260794243901955e+01 2.840042233753191070e+01 1.910899434149377285e+01 3.910912170940349597e+01 4.208530210354173562e+01 4.794322916005683766e+01 6.486650628649809391e+01 4.487469326008015713e+01 4.421253419150438191e+01 2.650643975020157228e+01 6.523535448699353090e+00 2.478016529185248373e+01 2.339804806814647264e+01 3.777572639145940059e+01 4.650961395684313260e+01 5.813415411380454856e+01 5.758654892698926631e+01 3.759030807423589948e+01 3.780502366263566216e+01 1.780645823261605187e+01
9.594114293757748102e-02 2.009594114293722100e+01 3.554345940609237431e+01 2.968559502982379072e+01 4.968559502982307663e+01 6.320494707414336943e+01 5.471517401409232662e+01 3.642978110965769645e+01 5.471517401409232662e+01 5.369959742506231493e+01 3.365337632091782893e+01 2.094834807909880681e+01 1.382577374004368131e+01 3.390608547373514625e+01 4.710590046151586563e+01 4.881625723586196841e+01 6.877075027725486223e+01 5.668621427355770237e+01 4.427314383732485936e+01 2.427297213643873874e+01 4.427314383732485936e+01 6.208551610728801506e+01 6.794366639279179765e+01 6.290651760689675598e+01 5.213010999529574008e+01 4.360856673678016904e+01 2.775317744613800741e+01 7.766451711222487120e+00 2.775317744613800741e+01 4.451301865943694480e+01 4.832835769714626650e+01 5.674010696132344123e+01 6.846828067991637568e+01 6.586581175909046237e+01 4.849384567384319666e+01 2.849689075676991123e+01 2.357996091115575865e+01
7.711341127313005306e-02 2.007711341127277649e+01 1.554345940609308840e+01 3.554345940609237431e+01 3.492067582668247638e+01 5.492067582668176584e+01 6.471578746866080678e+01 5.643005685756870093e+01 6.471578746866080678e+01 5.981386832068414350e+01 3.952477854515687028e+01 3.751552147748761001e+01 1.795650484475126163e+01 1.880512329256605497e+01 2.885932980980858176e+01 4.881624718299471510e+01 6.415844752310189847e+01 6.427425593213912691e+01 4.427314383732485936e+01 3.183226160228795010e+01 4.060294369305071172e+01 6.060366173323422601e+01 6.716195732746139413e+01 4.737609468489065989e+01 3.727464707522450027e+01 2.439289092005719439e+01 1.441612963174282491e+01 9.016282328855044881e+00 2.900754054695046591e+01 3.691984263536084399e+01 2.856822973499076568e+01 3.974018013537279614e+01 6.006002583798530026e+01 6.263014330709381028e+01 4.263839947240806083e+01 4.849384567384319666e+01 3.024662714250467843e+01
2.297228869525369793e-03 4.853009729596206689e+00 1.151967639626293227e+01 1.859074420812853390e+01 3.273287983185998229e+01 5.273287983186068573e+01 6.525163799127651032e+01 6.525162437278453353e+01 7.346210446813272199e+01 5.568317528253705007e+01 3.575552960052454665e+01 2.419820006597812778e+01 3.801206094051160278e+01 3.883778614909802229e+01 2.440393437775441043e+01 3.595074126422780836e+01 5.588833674545184493e+01 7.047036717567010555e+01 6.011807487626832369e+01 4.183226271123624684e+01 6.011807487626832369e+01 6.888979383770406173e+01 6.202803799145258523e+01 4.720105420028020404e+01 2.928497036406105991e+01 3.266995724510930188e+01 1.276710162183535502e+01 2.900754054695046591e+01 1.106273144930022312e+01 1.761931748035887324e+01 3.691984263536084399e+01 4.962291363588183657e+01 5.962373451354208953e+01 7.090267364638962988e+01 6.263014330709381028e+01 4.438877285130687511e+01 4.438877285130687511e+01
9.647730019007895452e-02 1.009647730018999212e+01 2.423861292392069089e+01 3.859074420812923734e+01 4.687501545559143779e+01 5.942962048035136036e+01 4.539689597669212162e+01 4.539689596588363685e+01 6.525162437278453353e+01 6.395332194460893760e+01 4.901254036271480885e+01 2.907898759792445986e+01 4.901254036271480885e+01 5.264427683220468168e+01 4.437743908984140262e+01 3.074561912300365663e+01 4.225431197968426034e+01 6.219400309275725647e+01 7.011891763207158590e+01 6.183281253647555076e+01 7.011891763207158590e+01 6.390885562080273274e+01 5.234889926365143253e+01 3.369734597113202312e+01 1.948887094963732380e+01 1.662656875007156287e+01 3.266045481137887663e+01 3.934365602904907178e+01 3.105913908764390641e+01 1.318010651597035476e+01 2.134201263978250651e+01 3.133755248784170178e+01 4.547819753440726487e+01 6.548256033225980843e+01 7.267227682912718478e+01 5.853108778379634458e+01 6.438901909581439043e+01
3.582433992925927735e-02 2.003582433992890444e+01 3.838074854765088872e+01 5.252288417138158394e+01 5.130540386426062582e+01 4.307757823724832491e+01 3.128650857882248815e+01 4.281903889485887760e+01 6.267750223154344269e+01 6.310497061135865948e+01 4.317526462692969602e+01 3.614010804106541030e+01 4.901254036271480885e+01 6.895419751714418055e+01 5.732485888076988090e+01 3.739573467491683800e+01 4.140120286322387955e+01 5.549084508682199868e+01 7.545782932761581208e+01 7.777933278612941592e+01 6.623188222038037054e+01 5.562381357462115972e+01 3.559286109694235734e+01 2.397563323365544719e+01 3.956817435234999181e+01 3.075287926847535758e+01 4.490563816963806687e+01 4.546610568921920503e+01 3.470337917097127445e+01 1.470870935614192909e+01 3.470337910204982990e+01 4.831735112945873567e+01 5.464179062635074047e+01 6.291723168318977599e+01 7.185770933630048773e+01 7.853131631673826973e+01 7.059712720045774859e+01
1.813270376062421294e-02 1.416026832749169984e+01 3.416026832749240327e+01 4.268470032217603460e+01 4.307757823724832491e+01 2.304864293873990988e+01 4.307757823724832491e+01 5.942962048035136036e+01 7.088923767367916184e+01 7.138004051524316651e+01 6.310497061135865948e+01 4.762491246258940691e+01 5.021042121279396753e+01 7.015723385119373745e+01 6.486313748550267633e+01 4.491872698386072216e+01 6.133903937110557791e+01 5.767450091549269331e+01 7.764436564138974006e+01 6.949565785729471656e+01 4.949397107003123608e+01 3.793160677124583913e+01 2.894088736528112449e+01 4.405893776950867391e+01 5.234889695608314497e+01 5.077376756929631085e+01 5.229809256638858983e+01 3.140152742350436199e+01 1.713369566005434308e+01 1.929614395338200694e+01 2.255078472053322969e+01 2.832115228656881456e+01 3.464214610967364649e+01 4.358544386803532689e+01 5.773108140978051495e+01 7.772299791675850145e+01 7.930136819085166167e+01
2.372884694381488524e-02 2.002372884694345956e+01 2.565581335249562045e+01 2.268470032217533117e+01 3.171107239507471576e+01 1.813854829035452099e+01 3.821984789581235020e+01 5.467501659873072128e+01 6.360872123797438604e+01 7.515848222560920533e+01 7.584382254949123592e+01 6.756528931501318880e+01 7.015723385119373745e+01 7.843658028272629679e+01 7.314161195970648066e+01 5.901233399789263956e+01 6.486313748550267633e+01 7.764436564138974006e+01 8.098068249358345838e+01 6.943402917936312235e+01 5.465965935367756856e+01 3.463637450086894631e+01 4.899621915141162276e+01 5.728254933743917832e+01 6.145294368563488518e+01 5.031932637387523499e+01 4.280027349025009897e+01 3.886753422283518233e+01 1.887435664235282928e+01 3.886464255084841568e+01 2.595944306789432687e+01 4.594967548580957128e+01 5.464179899221546322e+01 6.291723398703601333e+01 7.185770933630048773e+01 8.225638236650729596e+01 7.293023076570550245e+01
8.175220331382776484e-02 2.855253184439967562e+00 5.655813352495975721e+00 8.542564698444129689e+00 1.159609416950940108e+01 1.872748579969136529e+01 2.636949323158574998e+01 3.535786663475155933e+01 4.686746115480038810e+01 6.681629062676927333e+01 7.908052029100558400e+01 7.337004626512651839e+01 7.455508877845912252e+01 8.288803994466137226e+01 8.432406222556727471e+01 7.898822661607070472e+01 8.484432353285116335e+01 8.796145615852152844e+01 7.269706289806558175e+01 5.269727363692747701e+01 4.114505351884899653e+01 4.620548636401094456e+01 6.294409280017239183e+01 6.565778528492974431e+01 5.156057087634234648e+01 3.316173003355449111e+01 2.320158656627740257e+01 2.138386005976537163e+01 3.717661085738825477e+01 4.686462387610912828e+01 4.594967548581206529e+01 3.325785810216893879e+01 4.739874351634229299e+01 6.737496494198738617e+01 7.932857705309302787e+01 6.945363733964659048e+01 5.436259824753125969e+01
9.124702163186203252e-02 2.009124702163150644e+01 2.565581335248712591e+01 2.461826338895898658e+01 2.161314952221800567e+01 2.019066989100382159e+01 2.840597076722565362e+01 3.838744551211661360e+01 5.245986106421238304e+01 7.242299119713379696e+01 6.000291531579453164e+01 5.446606838656402516e+01 5.492226112433886698e+01 6.473673900214669175e+01 6.473673900214669175e+01 7.977669653356512924e+01 8.959821556695857225e+01 7.967801093829233139e+01 5.967822380024099971e+01 4.967832953874479784e+01 5.269727363692747701e+01 6.620827442545011365e+01 7.449202311883155403e+01 5.737570400022920580e+01 3.738163024395292666e+01 2.584904717617094505e+01 4.319569617126171579e+01 4.137853424508865885e+01 3.560856553704254424e+01 5.563552589623421341e+01 6.149578892839562627e+01 4.480368027987762503e+01 4.325638524369536952e+01 6.324290142179629726e+01 7.110241245034443125e+01 5.139802971234761486e+01 4.176908183316307799e+01
2.239863785106879432e-02 1.416453426158189366e+01 3.416453426158118134e+01 4.437762676817692409e+01 3.362838199057922850e+01 3.432914383329124774e+01 4.020621897693700220e+01 5.661467630202768930e+01 6.658347983990005048e+01 6.668284075891077123e+01 5.854423373905046901e+01 4.143105894783435872e+01 4.488578247909486407e+01 4.535486406287475347e+01 5.217928785055146079e+01 6.181900945589157459e+01 8.139027641531338020e+01 8.796145615852152844e+01 7.796182346131405438e+01 5.862252103033221573e+01 7.269706289806558175e+01 8.098068249358345838e+01 7.261965064747306542e+01 5.262009944669850370e+01 3.848320571916694632e+01 4.583212013307456090e+01 2.861948687497156030e+01 4.860338868241295529e+01 5.578735043322448917e+01 6.406528711692982370e+01 7.301164044209255621e+01 6.478704336722189794e+01 5.220267423374389892e+01 7.147125659361262251e+01 7.932857705309302787e+01 6.945363733964659048e+01 6.125022108134604082e+01
1.766589122093755945e-02 8.961937801220173583e+00 2.310407342495087235e+01 4.310407342495015826e+01 5.376670793166373841e+01 5.422646618821034536e+01 6.015052440630287833e+01 6.698626680013769885e+01 6.922621762783947474e+01 5.539340006068599109e+01 3.902947157430430281e+01 3.285551261977894200e+01 3.739457589411974681e+01 5.682412097600759893e+01 7.160463147826233410e+01 7.977610468315205594e+01 8.959780866438306646e+01 9.163065791952867301e+01 8.690577306928243217e+01 7.276451067743555257e+01 8.690577306928243217e+01 8.871926740657440291e+01 8.044164128279743409e+01 6.675974695165612616e+01 5.847783237254216004e+01 5.058223588442731966e+01 3.059685882101882370e+01 3.613316249715292372e+01 5.612773156592967894e+01 7.132686938481208472e+01 7.960656853643369857e+01 8.038250614953470574e+01 6.634139011079554393e+01 8.038250993635871566e+01 7.663719663734168819e+01 6.840889944677437029e+01 6.146579666215309601e+01
