LEM/with_lateral_4open/elevation_000522.asc
nrows	100
cellsize	150.0
xllcorner	0
ncols	100
yllcorner	0
NODATA_value	-9999
[rows 34 to 50 of 100, columns 0 to 36 of 100]
2.064481644892168788e-02 1.998953777661702702e+01 3.408367863475671555e+01 4.216680539105482950e+01 4.663185596645755027e+01 2.937458274625059929e+01 3.976835302650410853e+01 1.968540156163044941e+01 3.075587011809647819e+01 2.609945174261561007e+01 4.018918005383540759e+01 2.299207096549322316e+01 4.254578410672355204e+01 4.118442550865997731e+01 2.495722738186747947e+01 4.496573623686036569e+01 5.736749322449266231e+01 6.560234323657797972e+01 7.556572359306767339e+01 7.755474991796377537e+01 6.088908335386314263e+01 7.755474991796377537e+01 7.125149186597911921e+01 7.490894257896631814e+01 5.948693063101526946e+01 5.798739986762122811e+01 6.353801305434499369e+01 7.509525912667061220e+01 9.502290835740241448e+01 1.122522919148570679e+02 1.097701809748168529e+02 1.013536167039972042e+02 9.870388572104222646e+01 1.071269629875267810e+02 9.581725128842222716e+01 8.547760296302783445e+01 6.516869113858003004e+01
2.905961989428186565e-02 2.002905961989392836e+01 3.712091562303135106e+01 4.829617949338543070e+01 5.578351641516167803e+01 4.295528695929561991e+01 4.709800160217302789e+01 2.676358883726895499e+01 4.714759812722144261e+01 4.599642695045233864e+01 4.671762427606259394e+01 2.714540159105530748e+01 4.672225553554402211e+01 4.955367699765302802e+01 2.955530686240671656e+01 2.981823599273035796e+01 3.738779329307438104e+01 4.738502832204950010e+01 6.151465853400941342e+01 8.143761754468550862e+01 8.084518880697918064e+01 8.905235909186575327e+01 8.537078695934079065e+01 8.768828478456586595e+01 6.949538960683864275e+01 7.797631358934705759e+01 7.432049030282912838e+01 9.172384055571041017e+01 1.031958647710120260e+02 1.062146271352919484e+02 1.033450344355493087e+02 9.752272973221788277e+01 9.969663971470528452e+01 1.018244784659036810e+02 8.138135455393495477e+01 6.703009816820585343e+01 5.803255921601314782e+01
3.542675937824442400e-02 8.968327034980166701e+00 2.039347000632599105e+01 3.931492538231772471e+01 5.458058114409088546e+01 6.071803693138973301e+01 5.582921753465344494e+01 3.844033861375380923e+01 5.590981114811410890e+01 5.353516505054687258e+01 3.367222763158494558e+01 4.672225454263471534e+01 5.503548348081095298e+01 5.440072274457373425e+01 3.441584115781878950e+01 4.981587646903207656e+01 3.548511907637185203e+01 5.546784482138847494e+01 6.794527490635960021e+01 7.500184337866558337e+01 8.320100105288167924e+01 9.313426000245948444e+01 1.052140085789548465e+02 9.763830955257652988e+01 8.944932313954046776e+01 9.763830955257652988e+01 9.424286180413604086e+01 1.024185910040219909e+02 1.003946880840728113e+02 8.632740770008844322e+01 8.343843193342205211e+01 7.760452476865918925e+01 7.978448311655984071e+01 9.969663971470528452e+01 9.581725128842222716e+01 8.671395416723157723e+01 6.809885059034064625e+01
3.411803931810562102e-02 2.003411803931775026e+01 2.966698294074436504e+01 2.762006052637818598e+01 4.172083144668005872e+01 5.013643959330359223e+01 5.909959006456839603e+01 5.924763733056180826e+01 6.796195750357337317e+01 5.873427822448839919e+01 3.859819949168855402e+01 5.279552776117559887e+01 7.307169013656761081e+01 5.955797870343777589e+01 3.958401226262843409e+01 5.955797870343777589e+01 4.962266644385362468e+01 4.165935241402706879e+01 4.797883216715963783e+01 5.504285370396671340e+01 6.503876095234562627e+01 8.496492580498531311e+01 9.439227491154997551e+01 8.599719240347631910e+01 9.439227491154997551e+01 1.015743312401928762e+02 9.298262772170404844e+01 1.015743312401928762e+02 9.215223941371475291e+01 7.218646353571534746e+01 7.952477400832950138e+01 6.338788004911588558e+01 7.634949133145927647e+01 9.630698762572968974e+01 9.769747709782964762e+01 9.689489237633570440e+01 8.245893884313551325e+01
3.327314952832965272e-02 4.747371753597961153e+00 9.598631638272063782e+00 1.537802877891100373e+01 2.172911640851106085e+01 3.075562452533544899e+01 4.498141137253962540e+01 6.495367661251660252e+01 7.893999366210421442e+01 5.873427827088887909e+01 4.607670316487767792e+01 5.873427822448839919e+01 7.893999274904869878e+01 6.532229810332002273e+01 4.535410996001789385e+01 6.532229810332002273e+01 6.957935373492315989e+01 6.163133132363923039e+01 5.107972928385859746e+01 6.520940572291546289e+01 8.320100105288167924e+01 9.313426000245948444e+01 8.422541248275447856e+01 6.563604544438197763e+01 8.422541248275447856e+01 9.106903391807645676e+01 7.186086334079519133e+01 9.106903391807645676e+01 9.363684518673005641e+01 7.367936273306160899e+01 5.942638723220402142e+01 5.621270627309672818e+01 7.634949133145926226e+01 8.141353133734008907e+01 7.775379804165119424e+01 9.769747709782964762e+01 1.029051321928264286e+02
6.779948344387334846e-02 2.006779948344351894e+01 2.966698294074436504e+01 3.545353015712127132e+01 4.185310339122953849e+01 5.013643959330359223e+01 5.909959024885713319e+01 6.391307863936854261e+01 6.976307918062376245e+01 7.473327965032861187e+01 6.642534001966457424e+01 6.051096553591738569e+01 8.070390311128038263e+01 7.354427426883846408e+01 5.534438529943948737e+01 5.948289949576042090e+01 7.941985341779312080e+01 7.924958952475580531e+01 6.107286752452673539e+01 7.924958952475580531e+01 9.328977332659614774e+01 9.163465456535396925e+01 7.581661892392916968e+01 5.536519210219070430e+01 7.581661892392916968e+01 8.242174553124965541e+01 6.142854234630778620e+01 7.192514393877873147e+01 8.058953762402637722e+01 8.777958656113167990e+01 7.053650219442967284e+01 5.035951131012885185e+01 6.982406442278356451e+01 6.133998580868957617e+01 8.141353133734008907e+01 8.637902304218215477e+01 1.062816004627996449e+02
9.516927588586144779e-03 1.155668163038824403e+01 2.570527365629043359e+01 4.582915763432489342e+01 5.278317886051315355e+01 4.446991910584683438e+01 5.277846320500537303e+01 4.391903560515319072e+01 4.977515522653917657e+01 6.056435389300399663e+01 6.888491490343011492e+01 8.070390311128038263e+01 8.895559376473984514e+01 8.349812406852649360e+01 6.947415659659202447e+01 7.941985341779312080e+01 8.760564904191649305e+01 8.919076888827684968e+01 8.100975518213073201e+01 8.919076888827684968e+01 9.066480744991130791e+01 7.890509444097243374e+01 6.283183682258167124e+01 4.854252937763098430e+01 6.899947665001631947e+01 7.868548482747907258e+01 7.025987736998979472e+01 5.119509239765542219e+01 7.192514393877873147e+01 8.235398535723911095e+01 6.641789117681923926e+01 4.623892996077690754e+01 4.965803411275285839e+01 5.731199548732738691e+01 6.636104932995141326e+01 8.637902304218215477e+01 9.807373544409303179e+01
1.945935296826603253e-02 2.001945935296791035e+01 3.659391884489319580e+01 4.466566827817317886e+01 4.275353232770282830e+01 2.446492118930845194e+01 3.758890226969311499e+01 2.977709616623287658e+01 4.790659178501600479e+01 4.055310701865210632e+01 5.469721922909013756e+01 7.472886997089408112e+01 7.695923456864510115e+01 8.531224841534967140e+01 8.936555023899430239e+01 9.337534227810542120e+01 8.504464647336044436e+01 9.337534227810542120e+01 9.520052648931540773e+01 8.694911177022393645e+01 8.225091578301031348e+01 6.185951105644166859e+01 5.007459264865948967e+01 4.246610245224158575e+01 6.283224208059798599e+01 6.695202067163822335e+01 4.969412338568935184e+01 4.538049603270241050e+01 6.605171081215097217e+01 7.408370887390746873e+01 5.395167083364425054e+01 4.229234248903672722e+01 5.657023915820237647e+01 7.668074959502790477e+01 8.568682634027915412e+01 9.462452077533282591e+01 8.985132085374652888e+01
5.600688922766024203e-02 2.005222804687697291e+01 1.660975238427672807e+01 2.766668446429147110e+01 3.033930073158926533e+01 1.446492228842005900e+01 1.758839752618687058e+01 2.083282594877675109e+01 2.790389360567980148e+01 4.790813010442850128e+01 5.675481953775099697e+01 6.278920160342187273e+01 5.691978176995259275e+01 7.695923456864510115e+01 9.261289474448231829e+01 8.327335286570583150e+01 6.480260141017517128e+01 8.327335286570583150e+01 8.357151274817216802e+01 6.671537661170047784e+01 8.357151274817216802e+01 7.353150699329958684e+01 5.757372744012068466e+01 3.735859180154874792e+01 5.757372744012068466e+01 5.844334733599386311e+01 3.805040348678397066e+01 5.844334733599386311e+01 7.456247753218653429e+01 7.374740224472463979e+01 5.362493409058150462e+01 3.936106864608815670e+01 5.362493396290935266e+01 7.374733016114203110e+01 8.692185434918016540e+01 7.868853072419801720e+01 7.471492896112079052e+01
8.215197286175310309e-02 2.562846664645916928e+00 5.062846664645905825e+00 7.666624884262372319e+00 1.033923730338659297e+01 3.033087485165652453e+01 3.757854849608212788e+01 4.077766741962634001e+01 2.673050418026026165e+01 3.158121662316889200e+01 3.674519415563585767e+01 4.277542044994179804e+01 5.432304750954789796e+01 7.435418316800728178e+01 8.428013970626739138e+01 6.406103262059609449e+01 5.469381924844886811e+01 7.492362394176781493e+01 7.526715932973878864e+01 5.495517930708546572e+01 7.526715932973878864e+01 6.509963101197625690e+01 4.476353460537627882e+01 3.326581001766323453e+01 5.335858027735957165e+01 5.409476614331271094e+01 3.377633918546403891e+01 5.409476614329864219e+01 6.117782508075395498e+01 6.974482775344226582e+01 5.672329403244800972e+01 3.657439691747984511e+01 5.082755982423886110e+01 7.095685551810494474e+01 7.539288884417791792e+01 5.868177159977594926e+01 5.466726166929335307e+01
2.613274238814250472e-02 2.002613274238778729e+01 2.506290284517893596e+01 2.766668446430021078e+01 2.448135471068233926e+01 2.448146306189195087e+01 4.448663549960566144e+01 5.471204324561555410e+01 3.673032934109750158e+01 5.155274400116756794e+01 5.088860583831480255e+01 6.278920160342187273e+01 7.111601509265101129e+01 8.270144897841214515e+01 8.239334845564324894e+01 6.777130790140510896e+01 4.754150183357733539e+01 6.777130790140510896e+01 6.808578992306694033e+01 4.778558635734193416e+01 5.900726289705796290e+01 6.736324562940212957e+01 4.956140361610878387e+01 2.954476415571144798e+01 4.956140358092076070e+01 5.003043151882934580e+01 2.977537340429329404e+01 4.454806258398819807e+01 4.077891997714390726e+01 5.860094524325450749e+01 5.035369231951435864e+01 3.389045323602791626e+01 4.551609168926997739e+01 6.566207071929090944e+01 6.713761476355016100e+01 4.701789174581276853e+01 6.199538842328799859e+01
7.532853315450405152e-02 1.162233391694712203e+01 2.576446954067832351e+01 4.576446954067903050e+01 4.448163346291227782e+01 4.448819528712513716e+01 5.280112224245895902e+01 6.483068213123495127e+01 5.675107721790221404e+01 6.503606361304589711e+01 7.091711221070865179e+01 7.557809052950911166e+01 6.731451223570032028e+01 7.557809052950997852e+01 7.404495953641993822e+01 5.381406335796954465e+01 4.205594828161780185e+01 5.559512518678807425e+01 6.396867241456572373e+01 5.900726289705796290e+01 3.878789475269896059e+01 5.136506007179575306e+01 4.596168144462929916e+01 2.599186258870592781e+01 4.116844193560384468e+01 4.211536845648853955e+01 3.980236206755141382e+01 2.435192521514634123e+01 4.446208099712960404e+01 4.680424517132934881e+01 3.023088364157775487e+01 4.183973859394632910e+01 6.198123130736255604e+01 7.395155688906196190e+01 6.263870433143264904e+01 4.239935471557986091e+01 4.173261964179442884e+01
6.101047412966256744e-02 2.006101047412930782e+01 3.187128962191384929e+01 3.894124605501630754e+01 4.721102516311386665e+01 5.871140468931594825e+01 5.948745382320710462e+01 5.115398679399165616e+01 5.952862880905538390e+01 7.518795168513240412e+01 6.693809695457706255e+01 6.568222755879308750e+01 4.758836328036435503e+01 6.568222755879308750e+01 7.852769339564440543e+01 6.729529721283900301e+01 4.702549936418786558e+01 3.515407639252526906e+01 4.981352349999276896e+01 5.820575321021159709e+01 5.136506007179575306e+01 3.125837674622510676e+01 2.644386071077761002e+01 3.322873905016646034e+01 2.110843051012114202e+01 2.205172926537693101e+01 2.299783700544826459e+01 4.239508907004677951e+01 2.576045560168063631e+01 2.675895020934305180e+01 4.685077770435316324e+01 5.674465288194092238e+01 7.025221552040216011e+01 6.348642281744899662e+01 5.515258983410733862e+01 3.739299469061720060e+01 5.243924514924474778e+01
6.842009524227352091e-02 5.841922787134604889e+00 1.187214967850100500e+01 1.894321747365501096e+01 3.049018353393348235e+01 5.047354524914903351e+01 4.985672713297648073e+01 3.227447751974629142e+01 4.986672728143446420e+01 6.377998480574302675e+01 4.724425403202949525e+01 5.745143775803230568e+01 3.796006402919638134e+01 5.056019648888229057e+01 6.892473510393512015e+01 7.562579680292847684e+01 6.395855934239482821e+01 4.385726265281886072e+01 2.945972622080360992e+01 4.464365382120647041e+01 5.304232236657610144e+01 4.693800253989838467e+01 3.859016824828029968e+01 1.982340344179031888e+01 3.984936304097166726e+01 4.211433893055394861e+01 3.002736395220274801e+01 4.939042192042757051e+01 4.583934036886165586e+01 4.685077770445914780e+01 2.831819550755370685e+01 4.842935785241704139e+01 5.118578341952871824e+01 5.235830694358929094e+01 3.328623021521436698e+01 5.515258983410733862e+01 6.661988122482560470e+01
1.934550753332892059e-02 2.001934550753297515e+01 3.187128962191384929e+01 3.894124605501630754e+01 4.721102516311386665e+01 4.715820611303117715e+01 4.170789696675866054e+01 2.420264324825962277e+01 4.170813199630109835e+01 5.556785144165591106e+01 3.610174181981393815e+01 4.432908781131947507e+01 3.119380798146454836e+01 4.113171538461555343e+01 6.069234760494828151e+01 7.539593343588614971e+01 7.255424376760426242e+01 5.820575321021159709e+01 4.464365382120647041e+01 2.471009736333529716e+01 3.994526676368197116e+01 3.734781449601334202e+01 1.856942177902637781e+01 3.860154924510865015e+01 3.402123823962172366e+01 5.424635467361100893e+01 4.389956087460608103e+01 4.389956087459277256e+01 6.374104826288888859e+01 5.673154360977473232e+01 4.839006313613360533e+01 2.989439559347056985e+01 3.105049744453767602e+01 3.221552940422141376e+01 3.368894742736090109e+01 5.383716479103256347e+01 6.426154059881929470e+01
4.364784840791047227e-02 1.996696393940525738e+01 3.355705051115320714e+01 3.830746027466304326e+01 3.320191448268609236e+01 2.810246016563160865e+01 3.582816794603765942e+01 1.916984953757803822e+01 3.582877927476877744e+01 4.946119538879821675e+01 4.432908781128866593e+01 2.497904920191675515e+01 2.536930418595397185e+01 4.472256895487439721e+01 4.742729328717248194e+01 6.711609358245044632e+01 6.750736341617005110e+01 5.914618326838712647e+01 5.304281435074847906e+01 3.994526939451425562e+01 2.042128316176481562e+01 1.732245233024756814e+01 3.734782225193205818e+01 3.490260317508918320e+01 5.430069371842661496e+01 6.264940213269942149e+01 6.374104839592437344e+01 6.374104826366809817e+01 7.219924127900331712e+01 6.969555108485948836e+01 5.452591612527011478e+01 3.438060898992887360e+01 5.118675999698102430e+01 3.709143967577229972e+01 5.383710697421301461e+01 3.579241111849418644e+01 5.004584022526101705e+01
5.219006137575642884e-02 1.979224601282573204e+01 1.545263757779410518e+01 2.184837426218673073e+01 1.064214809489435076e+01 1.944956497130617734e+01 2.599183630232498388e+01 1.448127330653858635e+01 2.517383247588405126e+01 4.076653280171689175e+01 3.787888337727078891e+01 1.844503471201717204e+01 3.787938420792582406e+01 3.158880546345406870e+01 5.104025545878720038e+01 6.159587791020975089e+01 5.914618326838712647e+01 3.896442322677651759e+01 4.487552382180316357e+01 4.364032343429845895e+01 3.529227586398082650e+01 1.647373562785243095e+01 3.648983089645334132e+01 5.505848138385691470e+01 6.341044623418876824e+01 6.142520354316577169e+01 6.979032064080259090e+01 8.146489298505524346e+01 7.567114067006562550e+01 5.555200004255350166e+01 4.127939963096053333e+01 5.452702877949808169e+01 6.228870088009911399e+01 4.211872819289116165e+01 6.228870088010445727e+01 5.594629090559445217e+01 3.792409626552886692e+01
