LEM/with_lateral_4open/elevation_000009.asc
nrows	100
cellsize	150.0
xllcorner	0
ncols	100
yllcorner	0
NODATA_value	-9999
[rows 17 to 33 of 100, columns 0 to 36 of 100]
5.222468517465790605e-02 2.005222468517430201e+01 3.722022178641488921e+01 2.893430821910386541e+01 1.305788300206245189e+01 3.306054163908047627e+01 4.103096230880129980e+01 2.809817266605787722e+01 3.344394812044179588e+01 3.947561581101813744e+01 5.362470306419584887e+01 7.363005916665417772e+01 8.200079501696107798e+01 6.414296067681500801e+01 4.454800389785572179e+01 5.673676316439081546e+01 5.184408450339471841e+01 3.176443310662937236e+01 4.328209237156085720e+01 4.574221493173526909e+01 3.748881687710479582e+01 1.912012748925238625e+01 3.906831857493160953e+01 3.325406623196815303e+01 4.021923307240378165e+01 4.756534404947547046e+01 6.082986678419286619e+01 7.948462458249390750e+01 8.309726275554616848e+01 8.882540613677466013e+01 8.640030111889709019e+01 8.405941317945489288e+01 9.036954878008019421e+01 9.446183544915517416e+01 8.424455816058660673e+01 7.996242721158272104e+01 7.195806598478993976e+01
7.333276091007127906e-02 2.007333276090971452e+01 2.508417800124107444e+01 8.932197704811080996e+00 2.893430821910386541e+01 2.938952965321944433e+01 4.939467181580325672e+01 4.810413983264629678e+01 5.345134031908450822e+01 5.948413620655421141e+01 5.948413620655421141e+01 7.948745484268492589e+01 7.393960123225264169e+01 5.434632012106006016e+01 6.414296067681500801e+01 6.331994759843814080e+01 4.344316969654341420e+01 4.602275992775078350e+01 6.007795124905775452e+01 5.103241172481747157e+01 3.347103287948088024e+01 2.024004680317906590e+01 2.551663890491630582e+01 4.351963834511582263e+01 4.938748253793008303e+01 4.956094329574050761e+01 6.984418701412303676e+01 7.736561402299976464e+01 6.351965410640785592e+01 6.925374958853369378e+01 8.456604670768400922e+01 9.560812485884103751e+01 9.097897167174102151e+01 8.061069980472150576e+01 6.095962512440377878e+01 6.369994847181528286e+01 5.017214342106768044e+01
6.343274376862209629e-02 2.563432743768722322e+00 5.083195897166649324e+00 2.508417800124107444e+01 2.529920890220654073e+01 4.545764686479629546e+01 5.768013789315237716e+01 5.660198948781359007e+01 6.489340628344180573e+01 6.763457353535099514e+01 6.615551719478017390e+01 7.444737844573263885e+01 8.200079501696107798e+01 6.567884361192120934e+01 8.200079501696107798e+01 7.155426243324107816e+01 5.492341244901565034e+01 6.589800524489007216e+01 5.947902049872452324e+01 3.945134935892536276e+01 3.014307487996241619e+01 2.923315007734172255e+01 2.189290477209671693e+01 2.485871821966081185e+01 2.803882878516553845e+01 4.956094329574050050e+01 5.789455435144206064e+01 6.153543716161054533e+01 4.946043133183287921e+01 5.705059648272054318e+01 6.752206871275032540e+01 8.753764869941363713e+01 8.244048856376431900e+01 6.168502712976859925e+01 5.133890024857663548e+01 4.301199683434091980e+01 3.812797631765535300e+01
3.497053469895897854e-02 2.003497053469860489e+01 1.922569056478661409e+01 1.922569056585804503e+01 3.922781798178099422e+01 5.372774659895588201e+01 5.262220230525323217e+01 3.659069006496389420e+01 4.913234596633962070e+01 4.763839187433234912e+01 4.614472356652319007e+01 6.029499414286517123e+01 8.030490212772336633e+01 8.522400599511284724e+01 9.326127534528544061e+01 8.302786573740669951e+01 7.478982807110902797e+01 7.984811753792729405e+01 5.947902049872452324e+01 5.846458979109066689e+01 4.930120912938304656e+01 4.211882704292762725e+01 2.317217465450524116e+01 4.322184817434505533e+01 4.956094329574050050e+01 3.322645619311086307e+01 3.719070222345794718e+01 4.124812327073870932e+01 4.763133025047951463e+01 6.758547406148896641e+01 7.801974422299092282e+01 9.400519047365918368e+01 9.098885951711125131e+01 7.098453239327189124e+01 5.603096353899982063e+01 6.369994847181528286e+01 5.255576196824071644e+01
9.635555453094322986e-02 2.009635555453058942e+01 3.922781543217010380e+01 3.922781790662054391e+01 4.751288803408764494e+01 4.788867388415607707e+01 3.885864162785231457e+01 2.503970946227528671e+01 2.912278170765015872e+01 3.348820340849790256e+01 5.349957180377929689e+01 6.870266760901391478e+01 7.699357297457486027e+01 8.699901681342777238e+01 9.464696459819020902e+01 7.469039675587961824e+01 7.469033492293864640e+01 6.834119428456915557e+01 7.439742461120358996e+01 6.609266799788954927e+01 5.627033643571261479e+01 4.454769343836392181e+01 2.504800884121551618e+01 2.436033248819394359e+01 6.112922534406757080e+01 4.581228090808971132e+01 5.789455435144206064e+01 5.573790668176102514e+01 5.790546286938337772e+01 5.712560301050232425e+01 7.146911177410900962e+01 9.230886127458866497e+01 1.020317369908859604e+02 8.582144619658984652e+01 7.710320229508118928e+01 8.180762354375893608e+01 6.720875092867781575e+01
8.845047570523793812e-02 1.163545585949785632e+01 2.577759148322905958e+01 4.577759148322976301e+01 4.314932627659921138e+01 3.486373329183798830e+01 1.978703551018817564e+01 3.978554082125759095e+01 4.913234596633962070e+01 5.349957180377929689e+01 4.202084491179334691e+01 4.869253196026110686e+01 5.869934806467792043e+01 7.870598715334982387e+01 8.879832364321168825e+01 6.884670216591382541e+01 5.479015401312503286e+01 4.814228755941538651e+01 5.960756625994888225e+01 4.614046009995578856e+01 4.803063581446099306e+01 2.810764589905321031e+01 2.601714055705187079e+01 2.598652265502514780e+01 5.627225135831589853e+01 6.600408229422309603e+01 7.419693680914946299e+01 7.553191387433471959e+01 7.191676632269496849e+01 7.119328069914804757e+01 7.119328069914804757e+01 9.114649693621997528e+01 9.687271011812839561e+01 8.669044129244115027e+01 7.827929713954524971e+01 7.148635512596909791e+01 5.880065938493571309e+01
8.023991185656004221e-02 1.949338144490934965e+01 3.391852829934195768e+01 4.141072109232760567e+01 3.486373329183798830e+01 1.486325305316489853e+01 3.486373329152167599e+01 4.323796314217604220e+01 5.152031316162100438e+01 6.306514608523148979e+01 6.203262239276294565e+01 6.870266760901391478e+01 7.699357297457486027e+01 8.699901681348661953e+01 9.098316187660452670e+01 7.102868140940520902e+01 7.085460009390571656e+01 5.114328177855375657e+01 3.958594800151920623e+01 3.452941510398191127e+01 3.165871033466546081e+01 4.803063581447195673e+01 4.605274517172303206e+01 2.811803552276283114e+01 4.824979446210279121e+01 5.874367120043776680e+01 6.690537224630531909e+01 7.515232551897727831e+01 9.161747582400327872e+01 9.114649693621997528e+01 9.114649693621997528e+01 9.940371899667840694e+01 8.848568949522858418e+01 6.807290478386251209e+01 5.790047109881702880e+01 5.118058732832189150e+01 4.513455933366449813e+01
4.598823041778624804e-02 2.004598823041743216e+01 1.492644283968634333e+01 2.475740484226957605e+01 2.714750233078320463e+01 1.161881127850050532e+01 3.161977752107631190e+01 2.323853279380791292e+01 3.478619625670209103e+01 5.478329141498128507e+01 6.013261668660233994e+01 6.841413492389472140e+01 6.398901353047636320e+01 7.227045921316324950e+01 8.226666336712574434e+01 9.098316187660452670e+01 7.882283463183834726e+01 5.993966461438964188e+01 3.993338814706969231e+01 5.430386736328134845e+01 3.803172034381152145e+01 5.800273848860622650e+01 5.649940054307052861e+01 4.820350961488914265e+01 3.034710856855285854e+01 5.047503453741962431e+01 4.690803810953895692e+01 6.690576373447875369e+01 7.993939815556078088e+01 9.400451571130504647e+01 9.710726745791964731e+01 1.028706829378493666e+02 9.687271011808870469e+01 8.669044129244127816e+01 7.827929713954524971e+01 6.536393577461656434e+01 5.519430383973150356e+01
7.340434288523949025e-02 1.814180902442229071e+00 3.561589015764898836e+00 5.343330628528929260e+00 7.146669898058970460e+00 9.396845709638244060e+00 1.169100315236568299e+01 3.169128664722244437e+01 4.342966555972255804e+01 5.687006963603406007e+01 4.013706541126492056e+01 5.330175139125298500e+01 4.399497686666911989e+01 5.399312839356209537e+01 7.398489866739066656e+01 9.312331097287612636e+01 7.769704550211821470e+01 5.796187831619395325e+01 4.388571336102597087e+01 6.365367981383099760e+01 4.514525227967560284e+01 6.503473119693764204e+01 6.464343674632532100e+01 4.461788893393379851e+01 5.047989632463998078e+01 3.264879273711284924e+01 4.169513126107582224e+01 5.173760702383426491e+01 6.587428059981661477e+01 8.464559550007803068e+01 7.740428053404021114e+01 8.317515179441440409e+01 9.682791870135443446e+01 1.049920840977432874e+02 9.410023985818973813e+01 8.394578967801204783e+01 7.553356770950186672e+01
3.515918393995972474e-02 6.358582878839519559e+00 2.356325604190863743e+01 2.534423456305279032e+01 2.128935382992790792e+01 2.353955653052470964e+01 3.169128664722244437e+01 1.514648215736556658e+01 3.514681845249707237e+01 4.269069074085029314e+01 2.858882142380966940e+01 3.330376067129902395e+01 4.744578854508370824e+01 6.743929631522789236e+01 8.226666336712503380e+01 8.498979555233404426e+01 6.529934691977685191e+01 5.539504155287184517e+01 4.889544275952759023e+01 6.869108568962529660e+01 5.407084123783336338e+01 7.325589351328190446e+01 7.291947837001154653e+01 6.464555842178691591e+01 5.442804697552764992e+01 3.433744086351899938e+01 5.443375128133134666e+01 6.541623242611152023e+01 6.642286550007243306e+01 6.483923568022748896e+01 6.335618854034207459e+01 8.290452334267678225e+01 7.713726415082994947e+01 9.682791870135443446e+01 9.242036183505247493e+01 8.223788213690390592e+01 7.382542711380914113e+01
4.608085242692564615e-02 2.004608085242657012e+01 1.575638201116317028e+01 3.546894742687166513e+01 4.129032389194366459e+01 4.353958632519530170e+01 4.342966555972255804e+01 2.928941104153575026e+01 1.876794775574347085e+01 2.269041900141284174e+01 4.269069074085029314e+01 5.330175139125298500e+01 4.485134833322973691e+01 5.639569578352369206e+01 7.638747678148155273e+01 9.312331097287612636e+01 8.328605414215958547e+01 7.396831531327255504e+01 5.422273011025055212e+01 7.396831531327255504e+01 6.552472944679952604e+01 8.212850623497762115e+01 8.528451706947150512e+01 7.119208126542925186e+01 5.787177925029236292e+01 3.782428742790353482e+01 3.710716647881022823e+01 5.716290910333660236e+01 4.612243617324151757e+01 5.071948044985749249e+01 5.675351544611184806e+01 6.307869454348957561e+01 7.713726415082994947e+01 9.682791870135443446e+01 8.403089416798619027e+01 6.361996005963194278e+01 5.341931206800918375e+01
1.610643649003322755e-02 2.001610643648967880e+01 3.546894742687166513e+01 2.713498769938903266e+01 4.084917535359801377e+01 6.024881498393576607e+01 5.756992007790938004e+01 4.705093041455857161e+01 3.291110163064125516e+01 2.384819234223085616e+01 4.375984223935215311e+01 5.750776743776818734e+01 6.484521664073052705e+01 7.312669224209848551e+01 8.466937237622128976e+01 9.837242234312645905e+01 7.874497595408166717e+01 6.480248924445264436e+01 6.564745822469559755e+01 8.210955954934645717e+01 8.535196330175283208e+01 9.358341777943398654e+01 7.684108546403783180e+01 5.711190080325777529e+01 4.295054372698150758e+01 5.787190270187767283e+01 5.716290911226334970e+01 3.991838686727561480e+01 5.947823985851194095e+01 6.770740520366894089e+01 7.282994373153464096e+01 8.107303008906845321e+01 8.290452334267328638e+01 1.025858254463023229e+02 9.242036183505388180e+01 8.223788213690333748e+01 7.382542711380914113e+01
2.022278438842990689e-02 2.002022278438807490e+01 3.835069312478086800e+01 4.645851147160396266e+01 4.579589941842768042e+01 6.273694691976415783e+01 6.943269551979838639e+01 6.119075919847578859e+01 5.199445103857665629e+01 3.794918189850049117e+01 2.939525953375526157e+01 4.927291075612465221e+01 6.155889591011352735e+01 6.780534093153984543e+01 7.608037387418886510e+01 8.496966504673962106e+01 9.262577192496554801e+01 7.619329696530475360e+01 8.533481747752855995e+01 9.346672948215466192e+01 9.100541212883719311e+01 8.278203581080371976e+01 6.860236747230709398e+01 4.862670282567094659e+01 6.295239630016916976e+01 7.119820893636467929e+01 6.818785324476426979e+01 5.993920983401439884e+01 4.312543034068914949e+01 4.785293485196500995e+01 5.285751096684003159e+01 7.282994373153464096e+01 8.956960773315913116e+01 1.010513117885505068e+02 9.651010275640713587e+01 8.144871837751736621e+01 6.104835650436208994e+01
6.642187732006160639e-02 1.006642187731997495e+01 2.420855750105067372e+01 4.420855750104995963e+01 5.016047365589434293e+01 5.529615206567925867e+01 4.728733895249137476e+01 6.142755181124947939e+01 6.603972017865278588e+01 5.750776736260183242e+01 3.832054014977713763e+01 3.624827890373413908e+01 4.177775710498546857e+01 4.805234738481343015e+01 5.685925815758417912e+01 7.080543527161715645e+01 9.079726939331234803e+01 9.583231323259956014e+01 1.039625026889304849e+02 9.424598252544123511e+01 7.438984436042693460e+01 6.286279102796135732e+01 5.530056450949136604e+01 6.860236747230709398e+01 6.494903628800352635e+01 8.485782710385545613e+01 6.693111506633833585e+01 4.695180575153072056e+01 6.312143742164487037e+01 5.728088067821253304e+01 7.282994373153454148e+01 6.138964779331687538e+01 7.292699549463684150e+01 9.281918855364955334e+01 8.813191250147170308e+01 6.773151224741742737e+01 5.752428603376100114e+01
1.591255364720534082e-02 2.001591255364684940e+01 2.734672612925192681e+01 3.129965208741661087e+01 2.963174216372665271e+01 3.482987381836618113e+01 3.224718831294158150e+01 4.678148662788114365e+01 6.751552021019085714e+01 6.638138594107802248e+01 4.976721032928325172e+01 4.770983918509035959e+01 6.155889591011352735e+01 6.780534093153984543e+01 7.608037387418886510e+01 8.496966504673962106e+01 8.621361674109604678e+01 7.798616322578808990e+01 8.621361674109604678e+01 1.024684582463672911e+02 9.100541212883719311e+01 8.155446147868627804e+01 6.162834112454940794e+01 8.155446147868627804e+01 8.485782710385545613e+01 8.885506987815621471e+01 6.967421258416864305e+01 4.970292463792464588e+01 6.967421258416860042e+01 7.139875041151314861e+01 8.545223434845560462e+01 7.551062049654110808e+01 7.551062049654109387e+01 9.539433464774580784e+01 9.651010275640713587e+01 8.633533450545847643e+01 7.793171237444462918e+01
6.189296070378335485e-02 3.654002122202481218e+00 7.305523559409153656e+00 1.122812676660142372e+01 1.539974831798825505e+01 2.057040579549006765e+01 2.956269117267860125e+01 4.123383925642659165e+01 6.155141285648473115e+01 7.784347161261507608e+01 6.956221731982381584e+01 6.749633217683235387e+01 7.577074853982962566e+01 7.632896340733149998e+01 7.632896340733149998e+01 8.462894577796816975e+01 7.623370838429303831e+01 5.798617324223306468e+01 7.623370838429303831e+01 8.545905175478326044e+01 9.776060412658945609e+01 7.791221403352955122e+01 7.315948322742323739e+01 8.977856072314689584e+01 9.467570792766460386e+01 7.481964221216657052e+01 6.070161560197070116e+01 5.253291739506800440e+01 7.249743654361468259e+01 8.562942433583666002e+01 9.950571828225280058e+01 9.539433464886610636e+01 9.539433464774580784e+01 1.036285949697785043e+02 9.409699780433037120e+01 8.499356753072672177e+01 7.658797509731478215e+01
2.247884206357958492e-02 1.994884756628758993e+01 2.146394234806935231e+01 3.129965208741661087e+01 2.960111529116628759e+01 3.180755014930787183e+01 4.918738063090065538e+01 5.826331468864505325e+01 7.001191485432816819e+01 7.247751281392997669e+01 6.418337051189668330e+01 7.247751281392997669e+01 7.045212493771853701e+01 5.627530409746869111e+01 5.627530409746869111e+01 7.632896340733149998e+01 6.798616823401063414e+01 4.794847429866526767e+01 5.723242268475382843e+01 7.722851287912753548e+01 8.856046760961979203e+01 9.776060412658945609e+01 9.302221503412947357e+01 1.012440281943741667e+02 1.004777833600955859e+02 8.063534921255033794e+01 7.914472151616189421e+01 5.920285958811699345e+01 5.745870621702992764e+01 7.740816930782978034e+01 9.152588970018044279e+01 9.152588969997489698e+01 1.113179386072665551e+02 9.747415952133896155e+01 7.710239348257624670e+01 6.530942361926304329e+01 5.626060717900224972e+01
