LEM/with_lateral_4open/elevation_000436.asc
nrows	100
cellsize	150.0
xllcorner	0
ncols	100
yllcorner	0
NODATA_value	-9999
[rows 17 to 33 of 100, columns 0 to 36 of 100]
5.222468517465790605e-02 1.419520110682806902e+01 3.422627004575296894e+01 4.518483220571820880e+01 3.418570636730527923e+01 1.489757288200647345e+01 3.497651524567209691e+01 4.794482598502298742e+01 2.781648028925841842e+01 3.882158113757704143e+01 4.081819908449097056e+01 2.517807350547894885e+01 2.881076456729550017e+01 3.256392753243762428e+01 3.654332225254396604e+01 4.409096704308128523e+01 5.303564925237121486e+01 6.458571941015840423e+01 8.458851565962555696e+01 8.564386824901829698e+01 6.563553646401508956e+01 5.564054169817458728e+01 4.808665429810154279e+01 4.308710241581209033e+01 3.837073658470858817e+01 5.452058989499965946e+01 4.348571013583109135e+01 4.359877759190557356e+01 4.894474560660627560e+01 3.315650107934499857e+01 5.316172292370470842e+01 6.688747460197055261e+01 7.515701382435797484e+01 8.514908481706619625e+01 8.043495402589721266e+01 7.044316195772539402e+01 6.218163417321321162e+01
7.333276091007127906e-02 2.007333276090971452e+01 3.711403594458905530e+01 3.397810327369925432e+01 1.856749743519202767e+01 8.836409132569816194e+00 2.883443720842239344e+01 3.940621580459981033e+01 2.387396948887172954e+01 1.882237987767080512e+01 2.085201194327148855e+01 4.081819994184854039e+01 4.876112932173536763e+01 5.253537885982793654e+01 5.067459171593714728e+01 5.286273482435949234e+01 7.237963031585134388e+01 8.132574387929159343e+01 9.287465241933445270e+01 9.391950487392698221e+01 7.962907337840448463e+01 5.962675614174676042e+01 6.368717812759599184e+01 4.363523481169224993e+01 4.639201102217974437e+01 6.606026651492339852e+01 5.762663077852663207e+01 6.359996823605489880e+01 5.621192836778079993e+01 3.621039368176082007e+01 5.621192836778079993e+01 7.518364424649497835e+01 8.518327905449059756e+01 8.952525010984902565e+01 6.960311874361370599e+01 6.960311874361370599e+01 7.012961379430662134e+01
6.343274376862209629e-02 2.006343274376826713e+01 1.711400697636932833e+01 2.445847437025584270e+01 6.627763799781021703e+00 2.662778814644540759e+01 1.113825461346039702e+01 3.113590834870041846e+01 1.610938246282896102e+01 3.610453500468811683e+01 4.081819994184854039e+01 2.475215627093169246e+01 4.469157505570277067e+01 5.709040811906455559e+01 7.067779055900203389e+01 7.286594896525119225e+01 8.115195747780026636e+01 8.660533818801302175e+01 9.489151420357701738e+01 9.596154301027128497e+01 7.595843459148345289e+01 7.962907337840448463e+01 6.759485149997769327e+01 4.750298545192884347e+01 5.711088431998503268e+01 7.430766371558709693e+01 7.762802590506943545e+01 7.383551211376956758e+01 5.383518812964872069e+01 3.969506658940785115e+01 4.690318045134357305e+01 5.690004072599952423e+01 7.690287250397359742e+01 8.207794733149829369e+01 6.960311874361370599e+01 4.960309007713448892e+01 5.695398997266683949e+01
3.497053469895897854e-02 1.501441684912493413e+00 2.971870929100111969e+00 4.458459221594450739e+00 2.445847437023805071e+01 3.491026435871789602e+01 3.112606078223164019e+01 1.347139178632735046e+01 2.761098902303644920e+01 4.438908542859802964e+01 5.297204365277246296e+01 3.624878733949083198e+01 2.885643598370921126e+01 4.880707833442592403e+01 6.145093059836329985e+01 7.559390769898281803e+01 8.334275971104823100e+01 6.660295865020778194e+01 8.334275971317173060e+01 9.334425484521609917e+01 9.596154301027134181e+01 7.917071591298972066e+01 5.912073060812448233e+01 5.213620866157801714e+01 7.228841250969917098e+01 7.418568660748645982e+01 9.273826335952435329e+01 8.015323403155220205e+01 6.334382534770580975e+01 4.334823871896844594e+01 6.334382534770580975e+01 7.518364424649497835e+01 8.518327905449059756e+01 7.384722161217052872e+01 5.385030393449586938e+01 4.229159026970917523e+01 3.696161311113924341e+01
9.635555453094322986e-02 2.009635555453058942e+01 2.297187983723569715e+01 1.860056261174557335e+01 1.600546520519683469e+01 3.600597948839431695e+01 3.718045455788966791e+01 1.718596757504366579e+01 3.718108497209873775e+01 5.589366713564378131e+01 6.450939796932649983e+01 5.622463744760467819e+01 4.295152603169523076e+01 3.319151510830245400e+01 4.730795349774379588e+01 6.193770170365217353e+01 6.652720756618211340e+01 5.505291875414167180e+01 6.505575472594276221e+01 8.505816322886477110e+01 9.332622458976806001e+01 7.330731223677813091e+01 7.727353079054417151e+01 5.706383094585105198e+01 7.727353079054417151e+01 9.147876181098342840e+01 9.084459335304076433e+01 7.187094643532975624e+01 5.187307486767274156e+01 4.834762426156192561e+01 6.248298938380249012e+01 8.248881158420176973e+01 8.583814757352452318e+01 6.588908136902470858e+01 5.172790933942351188e+01 6.230199580800233861e+01 4.259107953099466926e+01
8.845047570523793812e-02 1.423058912830721923e+01 3.423091625213515954e+01 3.859695937594936765e+01 3.014763687390272295e+01 3.600597948839852336e+01 4.110222081619631496e+01 2.110827263175928081e+01 4.110222081619631496e+01 5.555888888392367875e+01 6.710760664980098511e+01 7.122929017857404688e+01 6.145093057688466587e+01 4.471312816583498773e+01 3.802144216060013093e+01 4.193564509296295029e+01 4.652201531093402309e+01 6.652720756618211340e+01 8.334275971317173060e+01 9.334425484522458305e+01 1.015966779272883542e+02 9.332622458976806001e+01 8.496469188341944800e+01 6.485343161361120679e+01 6.430224896161692527e+01 8.575172199228526893e+01 8.256539310997730752e+01 6.255791541114967202e+01 7.187094643532975624e+01 5.590128786632036650e+01 5.988757125394243275e+01 7.989228715174590434e+01 8.583814757352452318e+01 6.588908136902470858e+01 6.588908136902470858e+01 7.015173170870727404e+01 5.014927001375709636e+01
8.023991185656004221e-02 1.422237553558763601e+01 3.422237553558834122e+01 5.213731971053630332e+01 5.014881714350021014e+01 5.600931767489542068e+01 4.938729539608274877e+01 4.110222081619631496e+01 2.727709456739581739e+01 3.881914093998674531e+01 5.882149834544552647e+01 7.340667729637557670e+01 7.299830611087718069e+01 6.471243903450539392e+01 4.557216058100747347e+01 6.193770170371985273e+01 5.607867149467513457e+01 5.917503142380806480e+01 7.331992737330332943e+01 9.332245628496471568e+01 9.905404297817985082e+01 1.012675734426374277e+02 8.130070286408077607e+01 7.906615314691508445e+01 7.605332879113416311e+01 9.473640247248897595e+01 9.084459335304076433e+01 7.410711439463966599e+01 7.223024773064521753e+01 6.744414513598975702e+01 7.143415395445944682e+01 8.817258220179576256e+01 9.404518980409710593e+01 8.583814757352452318e+01 8.583814757352452318e+01 7.838928805225434360e+01 6.171248587078252257e+01
4.598823041778624804e-02 2.004598823041743216e+01 2.385304907209519953e+01 4.213732004313818891e+01 5.627945538956957705e+01 5.410085818963863602e+01 6.238512752087174107e+01 5.555888888392367875e+01 4.141447231980153276e+01 3.511697172661160948e+01 4.511600359472576116e+01 5.926152417482070689e+01 7.926562906151671939e+01 7.386142430901900013e+01 5.557360410233218317e+01 7.386142430901900013e+01 6.762845626621052020e+01 7.917853245064901557e+01 8.746447588254918060e+01 9.099065815836890181e+01 7.874208164462037018e+01 9.303071230067210706e+01 1.012675734426374277e+02 9.905449849250052807e+01 9.899997348094791505e+01 1.076258166779880696e+02 1.023917457504513777e+02 9.411961670741783337e+01 8.638199757392686706e+01 8.159548513837148676e+01 9.144631196783177529e+01 9.972038951169547261e+01 1.024494434637272491e+02 9.422556328358838584e+01 9.422313537885331414e+01 8.989457966573647241e+01 8.167995591209455597e+01
7.340434288523949025e-02 3.853049072977503986e+00 1.385304907297741650e+01 2.799518469670672616e+01 3.995872258090389550e+01 3.410085821084644664e+01 5.410085818963863602e+01 6.425833166785851347e+01 6.141718736014770741e+01 4.925913064922170292e+01 4.666338214848114774e+01 5.821318171131831321e+01 7.821732146593002710e+01 8.386336529927064021e+01 7.557748370077595723e+01 8.386336529927064021e+01 8.763129789662859537e+01 9.591760376260255327e+01 8.499919150851329164e+01 7.072756747151142065e+01 6.390939219005649363e+01 7.952149143280672661e+01 9.792691837929388043e+01 9.566342020233783217e+01 9.485579335545506297e+01 9.075791504282959465e+01 9.895261136746592001e+01 1.088490258412945479e+02 1.063840219912862182e+02 1.016048491294305336e+02 1.061981341390116427e+02 1.069837813034295806e+02 9.422556328358838584e+01 7.435791034454108228e+01 7.435634438866141238e+01 8.378907727775218461e+01 9.025412881660783171e+01
3.515918393995972474e-02 2.003515918393960504e+01 1.002518307146112697e+01 1.461349774887232300e+01 1.995872258712071812e+01 2.702979039898606928e+01 3.597406230898491231e+01 5.011619793268749845e+01 7.011619787338672438e+01 6.926357661816871314e+01 6.666792599369807704e+01 7.495401700212808294e+01 8.650348492638231335e+01 8.411014338613961172e+01 7.589479288650061051e+01 7.847183973947626612e+01 8.668513604907393244e+01 8.013511794323888182e+01 7.178965376809611598e+01 5.637558857033950233e+01 5.674578531466687537e+01 5.058000729308246690e+01 8.609863727212129447e+01 7.748973611706048814e+01 7.503496504294521685e+01 7.092278745106042948e+01 8.085773870578717037e+01 1.006580913798719621e+02 1.118704925595671824e+02 1.003877894998448141e+02 8.632070050505093661e+01 8.707892258897470583e+01 9.073153221922767386e+01 8.017701116412723650e+01 5.964504296585912613e+01 6.460274214025459116e+01 8.284261596942047845e+01
4.608085242692564615e-02 2.004608085242657012e+01 3.002518300418787689e+01 3.461349774431700155e+01 3.094342936733816174e+01 4.702979038936907585e+01 5.531406035058743953e+01 6.425833166723406009e+01 7.290309579629803238e+01 8.161719482027037031e+01 7.907459396070152025e+01 7.085363106135667977e+01 7.907459396070152025e+01 7.262445204122633413e+01 5.597606024800094104e+01 5.856376803337865766e+01 7.847183973947626612e+01 7.178965376809611598e+01 5.169621262803457995e+01 4.653397195224606264e+01 4.620272388625643600e+01 6.679818520893421407e+01 8.180141242238326527e+01 6.563625670314428362e+01 6.102262168573462020e+01 8.084035124694501917e+01 9.895261136746592001e+01 1.088490258412945479e+02 1.036158270968367248e+02 8.374372919500650880e+01 7.218937461211577045e+01 7.283101763978740451e+01 7.062685907337163371e+01 7.181618909002663997e+01 5.179236446836701901e+01 7.308800248879479966e+01 7.778934473751269252e+01
1.610643649003322755e-02 1.415824206022110943e+01 3.415824206022181642e+01 4.320643656831939694e+01 5.094342934299740477e+01 5.922769875625265001e+01 6.625048082298458496e+01 5.733307896325259634e+01 5.088376682462740064e+01 7.290309579629790449e+01 6.911343943077241647e+01 5.090019429446166299e+01 6.911343943077241647e+01 6.439470723574659416e+01 4.442942491958918083e+01 6.439470723574659416e+01 6.640306433957354670e+01 6.057375001888806310e+01 5.757531284357481383e+01 3.779229886146364947e+01 5.757501000228023003e+01 7.313125260044738241e+01 7.490558617395332419e+01 5.609580893187230544e+01 5.537099377874785944e+01 7.511946549849899668e+01 8.695863424373825978e+01 9.515855309049032940e+01 1.065950912004735187e+02 1.003877894998448284e+02 8.216602031798410621e+01 6.179235233595252197e+01 5.551459603096400031e+01 5.057002032453804929e+01 4.682232800151589203e+01 6.319750698364281050e+01 7.146739259480587236e+01
2.022278438842990689e-02 7.091306591404403115e+00 1.465131533882828485e+01 2.622726168887087184e+01 4.662530038025099088e+01 6.330167619213194286e+01 5.733307896325227659e+01 3.540226563599517817e+01 5.733307896325155895e+01 7.157452103981108849e+01 6.087691267790919625e+01 4.088835243109980411e+01 6.087691267790919625e+01 5.837494811972732123e+01 3.838559485906921509e+01 5.837494811819934171e+01 4.644666181756155510e+01 4.059503029477468772e+01 4.831298488265345981e+01 3.367882379881227450e+01 4.497754229137344595e+01 6.481205994676882653e+01 6.765244339597394685e+01 4.804373499484618293e+01 6.765524479220557907e+01 7.548509383227583669e+01 6.708587930839080116e+01 7.858140840592528775e+01 9.840213755143008711e+01 1.020877189178888784e+02 8.216602031798410621e+01 8.216602031798410621e+01 7.651538150425383833e+01 6.715751719121936958e+01 4.725399546797179084e+01 4.334785881578866906e+01 5.979780305559236808e+01
6.642187732006160639e-02 2.006642187721314841e+01 3.475379338916874872e+01 4.320643544557704274e+01 5.505698418221047064e+01 4.157215702713547500e+01 4.157215702713546790e+01 2.847779092845658155e+01 4.072303153090027195e+01 6.272653760993456729e+01 5.421405926230605843e+01 3.421404720088222717e+01 5.421405926230605843e+01 5.303256874206487481e+01 3.302830160208765875e+01 5.212172025329366676e+01 4.386293589932664361e+01 2.643315763422325659e+01 2.829884817460612112e+01 3.048096632366827308e+01 5.046978214208211000e+01 5.581223337637333515e+01 5.815876301968656037e+01 4.392179925949094610e+01 6.364160364269746140e+01 5.558234788560463357e+01 6.449334275901817648e+01 7.599510957252653043e+01 9.582831202099727363e+01 1.074144847395924813e+02 9.750764509202024044e+01 8.928502778844416810e+01 7.297253741030429808e+01 5.313401452784825096e+01 6.715751719121936958e+01 5.979780305559236808e+01 3.986619033939740575e+01
1.591255364720534082e-02 2.001588192960918988e+01 3.506774592360725507e+01 4.441358828468353437e+01 4.295733338285690905e+01 3.485851341165055572e+01 2.047454810993424701e+01 3.520534752179359828e+01 5.694299440775361631e+01 6.256563193045658977e+01 4.258975602781099212e+01 2.843526032326342801e+01 4.113565293849828208e+01 4.803150195691476654e+01 2.802083202483112245e+01 4.136127864603812299e+01 2.384963125581828081e+01 4.386293590486673111e+01 4.831298406278598634e+01 5.046978310195063244e+01 3.361714649824103418e+01 3.588716221491095126e+01 3.826304593812256627e+01 4.308259803070860983e+01 4.805655964837210092e+01 6.796256294910580209e+01 8.369793201029914087e+01 9.257958010029817331e+01 1.040211722947317838e+02 9.917634481700024196e+01 7.939371075988805160e+01 6.952325562593759400e+01 6.251549766486913740e+01 5.888809370446445968e+01 7.859841613223326817e+01 6.565251957034088548e+01 4.304158941511078496e+01
6.189296070378335485e-02 8.008539560243036703e+00 1.897183081135593596e+01 3.547138479607519912e+01 2.937112525581230571e+01 1.402266168307319560e+01 3.418615209693885504e+01 4.726939347382720769e+01 4.201622244550470953e+01 5.061073129451408903e+01 5.428068280390801448e+01 4.101385296115504531e+01 2.111758654266367330e+01 3.772011149970042254e+01 3.904994831690378732e+01 2.134517260252070869e+01 4.136127864603811588e+01 3.800943821569378400e+01 5.799452997540450383e+01 5.356673855766675274e+01 5.356893222736727012e+01 4.479843570229326133e+01 5.815876284768081206e+01 4.377530393726092228e+01 6.367907622890048458e+01 7.511284994200876497e+01 8.174436518498544046e+01 8.994926908166699775e+01 9.882138403641954483e+01 1.074144847395924813e+02 9.750764509202024044e+01 8.763659055970032341e+01 6.817272088052907009e+01 7.859841613223326817e+01 8.429618896418938334e+01 6.201563363405131213e+01 6.610419171596032584e+01
2.247884206357958492e-02 8.683093586383215268e+00 2.141189527781687474e+01 2.345269452129899435e+01 8.079806696114445685e+00 2.823400841690003205e+01 3.183429583758838177e+01 2.953928887328838115e+01 2.156982507600448074e+01 3.854441908592063015e+01 4.132887287686448019e+01 2.840772572799916418e+01 1.635772704193093219e+01 1.769140969606668889e+01 1.902378080907894287e+01 3.887921768250993892e+01 4.950261345269974100e+01 5.799453028143364008e+01 6.623405859788711325e+01 7.345891346921817444e+01 6.472258285899857810e+01 5.889584721707417003e+01 7.190388119130760458e+01 5.526944634084492947e+01 5.006826987148127728e+01 5.520915467442176805e+01 6.184981945605559872e+01 7.076529311658326549e+01 8.483014555414952440e+01 1.046205508770273838e+02 1.036161210580509504e+02 8.404527303289232520e+01 7.921435820884302359e+01 9.578663571065375493e+01 9.269530864809173920e+01 8.040541666687394695e+01 6.063393932942022957e+01
