LEM/with_lateral_4open/elevation_000453.asc
nrows	100
cellsize	150.0
xllcorner	0
ncols	100
yllcorner	0
NODATA_value	-9999
[rows 68 to 84 of 100, columns 37 to 73 of 100]
6.504078702863542105e+01 5.082934168463809499e+01 7.098106809248554327e+01 8.665928462773267427e+01 9.234833661376046621e+01 7.860794402418738969e+01 5.839211070666202374e+01 7.167397040132256336e+01 6.488246134715814151e+01 7.346469668125828889e+01 5.742152414347746969e+01 6.741353480957116062e+01 8.124091245874440403e+01 1.007776998668460351e+02 9.473471668144205182e+01 8.246513986316575995e+01 6.226533025090072471e+01 7.315476004804027355e+01 9.336125350769177089e+01 9.893580280303059737e+01 1.072619223260831518e+02 1.063723770771945851e+02 9.818097004110978787e+01 1.063723770771945851e+02 1.058134428759524894e+02 8.584243695877275115e+01 7.171664331884551302e+01 6.172594454382900153e+01 7.354812689221078870e+01 5.828107963433041050e+01 7.826060473214431568e+01 8.868001116423457120e+01 8.406713647829441527e+01 7.504022487345649495e+01 6.668732162610511693e+01 5.387827920675348992e+01 3.366355695693334127e+01
6.769297365927128851e+01 4.760683301707785375e+01 6.096578115592099323e+01 8.004898754000298311e+01 7.206414584725700934e+01 7.206414584725700934e+01 7.167397040132256336e+01 5.153695613345563231e+01 5.068926683799055866e+01 5.330147873680033399e+01 6.752340715414719341e+01 8.556130280842849345e+01 9.521937451387078966e+01 1.006709050980162630e+02 8.047491655844331149e+01 6.619217908517438786e+01 5.669031025102286492e+01 7.686272068534793789e+01 8.464785146583429309e+01 7.872958839500734030e+01 9.893580280303059737e+01 9.757143139521480180e+01 9.895657419002843369e+01 9.058521964999765430e+01 9.895657419002843369e+01 9.582793991736259898e+01 7.585399248633837033e+01 7.326193518946607242e+01 8.491954818214104250e+01 6.494271783215111782e+01 8.491954818214104250e+01 8.734550304558725031e+01 6.721063648786194733e+01 5.552153542457935487e+01 4.643095730610099281e+01 4.102071373686101907e+01 3.662418857577664966e+01
5.867703780524342250e+01 4.454465795424212615e+01 6.036692341882584145e+01 6.835178334417886958e+01 5.998449999860397241e+01 5.192896168479133934e+01 6.407445426074855277e+01 4.709421880957995654e+01 6.717261861216577756e+01 6.087197159855858786e+01 8.111635400858170897e+01 9.623251345975083382e+01 1.044462273982371983e+02 9.279604023287053849e+01 8.377001416371412290e+01 7.210803794823512192e+01 5.195848713997329327e+01 5.733128892221577644e+01 6.444485279935561550e+01 8.464785146583429309e+01 9.154494737844412100e+01 7.717759375465071514e+01 8.879702985675554316e+01 7.022104342273803468e+01 8.879702985675554316e+01 1.041023591721280042e+02 9.582793991736259898e+01 8.738732484147810453e+01 9.319338499041182899e+01 7.493229543915393265e+01 9.319338499041182899e+01 9.569640124153866623e+01 7.945048332220298448e+01 5.927015276976540292e+01 6.668732162610511693e+01 5.988269903723977450e+01 3.962066363458389162e+01
4.749193000376506291e+01 4.386899437100993282e+01 4.034526625674048717e+01 5.717738309277489606e+01 3.996440561065152508e+01 4.197687155878233511e+01 4.403591327197356975e+01 6.407445426074822592e+01 7.557143401233986424e+01 7.252664313091530346e+01 8.111635400858170897e+01 1.014559578945000311e+02 9.611605642906667413e+01 7.590921343516721720e+01 6.425323740422081187e+01 5.525744162128237491e+01 4.787391294379394679e+01 6.208326614711238989e+01 8.226728402770930870e+01 9.299575334319291642e+01 8.312111159428708618e+01 6.280395383628196271e+01 7.025929811084874643e+01 6.011546468532959153e+01 8.040313153636786581e+01 9.631663848038469666e+01 1.105627079953703316e+02 1.073580345345868636e+02 1.031807064997626071e+02 9.490680092512815236e+01 1.031807064997626071e+02 9.959932303601422632e+01 7.945048332210159003e+01 7.945048332069492858e+01 7.811209620362349426e+01 6.301206012486324681e+01 4.273148236424651003e+01
6.757643637653447399e+01 6.390851982220707583e+01 5.717558062725583312e+01 3.710928981880024935e+01 5.718112467681470434e+01 6.199654089152472380e+01 5.815935932277679399e+01 5.815936278492092271e+01 7.835479620750972174e+01 9.285011727863749798e+01 1.012770475064183415e+02 1.029110847459970159e+02 9.125062411549259878e+01 8.222051858559633786e+01 7.386181713854351472e+01 6.464150886446118704e+01 4.455658907535681834e+01 6.464150891551227573e+01 8.056784109961441231e+01 8.882372709249743536e+01 8.018027186115489258e+01 6.901320066687706856e+01 5.007237929662790066e+01 5.775103369152045474e+01 6.780500143856194484e+01 8.207056896539894808e+01 9.314718387679471334e+01 1.014709922028876861e+02 1.056527891321985919e+02 1.056527891321985919e+02 1.139547467476109261e+02 1.060421059935698196e+02 8.589798735661689477e+01 8.589798735642567351e+01 6.976449523356230031e+01 4.950718604169606607e+01 4.715873487342160075e+01
8.101772990690858478e+01 7.162830614786682304e+01 5.568782054908328405e+01 3.555295147792865151e+01 4.981260363672330982e+01 6.993175992033880561e+01 7.835406712227016612e+01 7.835477368906269646e+01 8.676967954355575330e+01 9.622928273609561245e+01 1.045557892361815107e+02 9.457160470970914901e+01 7.434890603544934606e+01 6.269492312933880385e+01 5.370360711988757885e+01 4.737525742163943931e+01 4.163171748188918286e+01 5.209450885352291749e+01 6.633117497656867556e+01 8.050106172152267447e+01 5.991818530100846374e+01 6.512124283322913243e+01 4.508475280597488677e+01 6.515369002526720976e+01 7.215290896878454419e+01 7.887394916866510641e+01 7.296178177362351391e+01 9.314718387679471334e+01 8.556428688149030393e+01 8.556428688149030393e+01 1.056527891321985919e+02 1.001276164229325616e+02 8.000388200995672605e+01 6.578208979064541495e+01 5.861337183852219113e+01 5.861337183852219113e+01 6.153002934611898667e+01
7.274713656205418033e+01 5.152858801679609968e+01 5.273725126620266224e+01 3.398353709459851046e+01 5.428560073784694850e+01 6.710867216765066701e+01 7.541866663338140597e+01 8.037692413774432509e+01 8.892240425700700257e+01 7.618713967121668418e+01 9.297433654851623430e+01 9.288682948030545106e+01 8.454629251696486847e+01 8.222051858559633786e+01 7.386181714960515876e+01 6.747369147075814055e+01 5.209015364855119401e+01 3.797239673207597122e+01 5.450439419715626599e+01 6.284045055772441657e+01 6.492728621871995642e+01 4.555149542581861510e+01 4.102575389354728230e+01 4.600000995429501671e+01 5.202404178381404165e+01 5.871082856902352631e+01 7.887394916866510641e+01 9.144807296684159326e+01 7.133814035724250857e+01 9.109523761067518421e+01 9.109523761067518421e+01 9.940683579217110832e+01 9.424567284137725665e+01 8.589798735642567351e+01 7.878594356684668298e+01 6.872958875126103351e+01 8.169830164112559601e+01
7.052445965864612276e+01 5.706573206269167287e+01 3.693138777750581880e+01 3.241612500428871613e+01 5.220326475289281376e+01 4.822300124862825754e+01 6.497004396593170839e+01 5.933815634418084528e+01 8.037692413774432509e+01 6.450189223152756313e+01 8.397055908911616484e+01 8.454629251696486847e+01 6.437867162550038813e+01 7.028563102421078668e+01 7.863275055290296223e+01 8.030079206295441452e+01 6.629202968582809774e+01 5.450439419715626599e+01 3.447685659669873814e+01 5.116647126245580068e+01 5.263645909184783278e+01 3.661792579223211419e+01 5.075223227239277435e+01 6.608382715901689153e+01 6.238506718544154239e+01 7.887394916866510641e+01 8.721638698825559288e+01 8.433813810811552969e+01 6.420939868139267048e+01 7.098060008491046347e+01 7.098060008491046347e+01 9.109523761067518421e+01 9.399404006922365795e+01 9.987311115602756217e+01 9.719317328615598228e+01 8.294431576305863985e+01 9.171806013873877816e+01
5.040390880830005926e+01 4.409111819915170827e+01 5.297486314699109755e+01 3.095094824801604716e+01 4.419783536655507561e+01 3.782837605662976443e+01 4.541830703442062855e+01 5.884564955098059613e+01 6.528288718168323612e+01 5.492188961647597267e+01 7.564388474656296069e+01 7.413763136913418350e+01 6.579364792694271102e+01 5.016890999722239997e+01 7.028563102421078668e+01 8.184778526636713991e+01 7.462157850538608272e+01 5.450439419715626599e+01 5.116647126245580068e+01 3.107997937589809467e+01 3.257549762461271570e+01 4.415385998117330502e+01 6.422390496710222862e+01 7.919522986190335700e+01 8.254142172245751397e+01 9.087655640625663978e+01 9.039116119164562235e+01 7.797287180646814875e+01 5.778985930221637091e+01 5.668032528039098139e+01 7.687204101509743737e+01 8.499918175392126329e+01 7.388092631156125378e+01 7.977192094040415782e+01 9.708527071621979587e+01 1.030812880105459755e+02 1.033378284776376859e+02
5.825277515507684001e+01 6.416178281221303337e+01 6.241601688923511659e+01 4.945293110259122216e+01 2.893116711802295526e+01 4.758449598099264222e+01 4.992433658314330103e+01 3.524207413593702398e+01 4.298364190860712597e+01 5.926533828626386224e+01 7.981053531817528324e+01 6.252776356059230523e+01 4.569937925704238069e+01 4.309099160885252644e+01 6.317329609750004948e+01 6.179870195326217441e+01 6.540943368651828393e+01 5.382327825944143740e+01 4.645764476715748259e+01 2.871715985374554947e+01 4.884708296203092459e+01 6.096361460930035037e+01 7.256062982222509561e+01 8.426444431912713640e+01 9.627239811309797801e+01 7.615502655636606733e+01 7.025822651466393154e+01 8.448088342538055429e+01 6.973319145519650419e+01 4.939450828363885648e+01 6.973319145519650419e+01 6.483927683152502652e+01 5.958482323098697719e+01 6.864696336417428313e+01 8.288731631452634474e+01 1.029795746896173227e+02 1.072969815559831090e+02
7.842738923823772268e+01 7.714741084396484894e+01 5.815635793997371650e+01 3.821015124306673272e+01 4.294446783016332603e+01 2.706604789622230101e+01 2.578692611890627617e+01 4.808508039152682301e+01 5.330682831782108622e+01 6.274735426479102074e+01 7.197380093885681163e+01 5.419221650120702805e+01 3.414857247488730252e+01 5.419221650120702805e+01 6.767094249909651182e+01 4.755941260858799779e+01 5.296025950084128908e+01 3.919310698728054376e+01 2.632960551887789080e+01 4.617119392322099003e+01 3.824213549263753720e+01 4.580834590555862462e+01 5.581760824847102498e+01 7.593088871269422668e+01 9.039116119164562235e+01 7.025822651466393154e+01 5.590188267263083333e+01 6.602845461449845743e+01 6.549228285098662639e+01 4.500683750478926015e+01 6.376688012508298442e+01 5.040242040962152004e+01 6.221840035975836258e+01 8.239012955763051593e+01 9.708527071613069381e+01 9.794278934338312581e+01 8.730741057411901807e+01
8.040733521032778697e+01 6.031351975450029812e+01 4.888219998305914515e+01 5.815611828127678962e+01 4.818449273383757259e+01 3.404910767223944390e+01 4.431564829129553829e+01 2.404199815107224580e+01 3.561271638283639618e+01 5.061463405485437761e+01 5.224892154377297970e+01 4.933091876927781527e+01 2.930352076958037344e+01 4.344859766852832905e+01 6.353209814894061225e+01 5.344994333348197557e+01 3.321493805051316883e+01 4.249162973469176308e+01 2.472463060789519673e+01 4.480250092966946340e+01 5.828965634221334824e+01 6.587424848058257965e+01 7.420696897469561293e+01 8.426444431912713640e+01 8.552888069176444219e+01 7.542990087156519508e+01 6.602845461449845743e+01 4.554528523626131431e+01 6.139519404995479590e+01 4.075824149440487076e+01 4.321233577832990136e+01 6.376688012508298442e+01 7.907741060330199900e+01 9.070840718491160715e+01 9.794278934338312581e+01 7.795146060459526893e+01 7.317039941326433450e+01
8.876107777281222866e+01 7.714741084396484894e+01 6.880616544785917199e+01 6.365653764635511891e+01 4.934765511035858054e+01 3.167606021688045459e+01 2.826470534810286139e+01 3.281195192064197386e+01 2.242194430799590776e+01 3.235061734089097030e+01 4.906846468253364435e+01 4.496058223086730266e+01 2.494458090674734407e+01 4.496058210615681361e+01 6.338720412877736266e+01 4.869307647789074878e+01 4.036733917015546780e+01 2.250748550828345884e+01 2.710508998236955591e+01 4.678984913471094131e+01 5.979214453293049303e+01 6.657632494722963656e+01 7.500363761712601729e+01 8.522538598096458884e+01 7.720425367409414719e+01 5.696465223604854344e+01 4.662953313602324812e+01 3.917313059736746084e+01 5.331314115653786700e+01 3.666675885867873319e+01 5.742361025114507811e+01 7.212269958142684345e+01 8.464601908306084965e+01 9.294729392967555270e+01 9.575599949852613690e+01 7.576458929758764782e+01 6.162117059336333824e+01
9.459202652030410263e+01 8.624251927069764179e+01 7.082799774487642708e+01 5.538958945850755811e+01 3.676709710016675814e+01 4.928686744530343589e+01 3.251890541600710804e+01 4.585683912749811242e+01 4.082443418296922033e+01 2.081710957344967028e+01 3.923524944657864921e+01 3.812708915408618537e+01 2.086554142723569782e+01 3.500182624348231997e+01 4.660170120936824389e+01 3.828246382122161862e+01 2.047889592001406811e+01 4.036733917015546780e+01 4.678984913471094131e+01 3.423120481170491303e+01 3.977336149062462312e+01 4.622378370433206385e+01 5.631391564635355707e+01 7.683873424810580843e+01 8.552888069176444219e+01 7.542990087156519508e+01 6.708445295462233560e+01 5.331314115321005431e+01 3.249495805883192645e+01 5.331314115653786700e+01 6.581396578635875017e+01 7.036290974925192643e+01 6.444665215033073480e+01 8.464601908306084965e+01 8.411294588062214928e+01 7.583059424712958219e+01 7.219242863145852596e+01
8.624251927069764179e+01 6.598142925096084355e+01 6.248521036492860503e+01 4.305305221516829306e+01 5.538958945850755811e+01 5.859129948999426318e+01 5.047999024159384618e+01 3.958031216001396757e+01 4.914413124692767099e+01 3.923524944657864921e+01 1.922877654418483218e+01 1.811951702176164147e+01 1.701395619066443743e+01 3.522050782824428694e+01 3.622658850247120910e+01 1.844657754779440850e+01 3.828246382122161862e+01 4.869307647785881699e+01 6.241347450508955319e+01 5.401321964376854368e+01 5.979214453293049303e+01 6.657632494722963656e+01 7.500363761712601729e+01 8.522538598096458884e+01 8.649276650692830515e+01 7.920065024549694499e+01 5.888844642710435551e+01 5.090926442967461441e+01 3.010437595123983456e+01 5.090926442967461441e+01 6.015457682351564728e+01 4.994624389777928286e+01 6.444665215033073480e+01 8.464601908306084965e+01 7.583059418030903487e+01 5.582766235560866619e+01 6.168638540174462292e+01
8.624251927069754231e+01 6.598142925096082934e+01 5.191053746307735395e+01 5.660083472570516960e+01 7.082799774487642708e+01 6.836751394249139935e+01 4.879766120907842719e+01 5.282628297328539446e+01 5.348822930647479268e+01 3.338139531618535472e+01 3.314485344963043190e+01 3.812708915408618537e+01 3.552633454125516010e+01 1.551206789156168853e+01 1.639443928156094898e+01 3.622658850288702581e+01 4.627657724908452508e+01 5.090501889943842428e+01 5.592185551768578478e+01 6.148941989773149430e+01 6.909118975971814791e+01 7.743967129802835814e+01 8.907980231010894556e+01 8.649276650692830515e+01 6.675142458196556561e+01 7.037402832227108718e+01 5.888844642715399402e+01 3.821870294092479270e+01 2.778679497767886630e+01 4.855357468392779197e+01 3.950446336837035233e+01 5.770637184478226089e+01 6.610441584271421789e+01 7.629780632984665090e+01 7.323592938434204314e+01 5.323153169325313883e+01 4.168105223869152809e+01
8.209650429584534947e+01 8.028672788566026952e+01 7.191576512351058170e+01 7.669134983923962068e+01 8.240683615847446220e+01 6.255223627410528309e+01 6.255223627410528309e+01 7.247953621628988685e+01 6.182906291621326744e+01 5.343315833176040996e+01 5.215546837447845263e+01 5.008134804276605934e+01 3.447130012951532052e+01 1.445510468982041807e+01 3.447149599079680371e+01 2.206016034663697667e+01 2.625552193626538156e+01 3.083295833086275906e+01 3.585451020226938823e+01 4.141528150262739416e+01 4.897879721541312392e+01 6.056741206502096020e+01 8.073488660474595235e+01 8.434339971311221973e+01 6.458772523435794710e+01 5.033685793077705029e+01 6.035544312652403676e+01 4.628773325351905044e+01 2.557435561197545582e+01 4.628771600361402960e+01 3.288322238151570787e+01 3.703523176009595375e+01 4.746654418291253563e+01 6.794627749662811311e+01 8.151823755553375861e+01 6.416650502956275659e+01 4.416068842073607215e+01
