LEM/with_lateral_4open/elevation_000146.asc
nrows	100
cellsize	150.0
xllcorner	0
ncols	100
yllcorner	0
NODATA_value	-9999
[rows 34 to 50 of 100, columns 37 to 73 of 100]
6.978995009368412639e+01 5.965418678184069279e+01 5.380074966678697024e+01 4.861747532536810468e+01 6.880817839606163488e+01 8.194313028013922917e+01 8.822528047829726461e+01 7.153363904958705177e+01 8.825074812974318661e+01 9.595883779101635014e+01 8.445595731876289847e+01 7.621893892180953856e+01 6.909783152236799708e+01 6.272824397748783554e+01 5.694358689168490173e+01 3.921370721997679709e+01 5.928153658976658846e+01 7.920807298748117375e+01 8.055480560069104001e+01 7.052720366216355785e+01 5.651812154177782332e+01 4.587065183029025661e+01 6.603085360772647050e+01 7.898169668741512339e+01 8.848126919544701252e+01 9.551760595482188876e+01 1.036880353720970618e+02 1.150842332034138735e+02 1.072912425347664964e+02 8.867446598774259314e+01 1.072912425347664964e+02 9.199290707562391844e+01 7.169072690155294936e+01 9.199290707562391844e+01 8.943260326119032300e+01 8.375694643582603760e+01 7.877350850734960375e+01
7.394437272755271806e+01 7.978393939969315340e+01 7.356752213882396063e+01 5.337523199918348382e+01 5.351391017095996716e+01 6.784057807696686382e+01 8.786362581271340844e+01 9.151497799558434565e+01 9.978751669722299766e+01 9.561049401706586082e+01 8.732302277974567062e+01 8.021710540060303174e+01 7.413944287073447015e+01 6.874056639096596655e+01 6.096252444599944198e+01 4.086165225370897502e+01 5.088416099661871073e+01 6.517254953160126263e+01 8.520547093978872510e+01 8.486988488143147435e+01 7.430545572402301957e+01 6.014340652429845591e+01 5.054021051176854940e+01 7.072341852694940201e+01 8.287499653575252978e+01 9.108294877185214489e+01 1.010267893548176517e+02 1.133070846387530821e+02 9.291202486010374173e+01 7.847667759601087312e+01 8.926474148517444007e+01 8.493888882421190090e+01 6.543894615083587496e+01 7.698769242763127352e+01 6.817144335725085114e+01 8.159682652372305256e+01 6.711947754558796930e+01
9.388190045795649041e+01 9.467383593990147972e+01 7.860694428596913497e+01 5.844925562152628373e+01 5.721605617017274881e+01 6.893307565488828459e+01 8.313166944435799621e+01 1.029420830629198207e+02 9.887844050032794030e+01 7.891049970826502147e+01 6.725883985352629679e+01 6.006653289014291630e+01 5.394383802314064980e+01 4.855087637881171503e+01 4.354756364186206241e+01 6.095933266538855833e+01 4.628540960829498374e+01 6.645045640347819926e+01 8.050705560970260422e+01 9.489451565055820481e+01 8.846750492374755481e+01 7.898169613934523170e+01 7.072341852694940201e+01 5.559224383089451038e+01 6.277125500936825375e+01 7.290136092580590343e+01 9.284863214569934087e+01 1.109081202106230819e+02 9.050000323224830368e+01 7.607691680250201216e+01 6.897469398952198105e+01 6.478233323937573118e+01 6.092000617545043895e+01 5.718730113141916860e+01 5.415702233018622991e+01 7.033535025728757262e+01 6.797402960560027907e+01
1.040328408419584463e+02 8.646836321125394420e+01 6.642559895897653632e+01 7.860694362764127163e+01 6.165690084921940439e+01 7.004061451143286376e+01 8.164600358667556179e+01 1.013581175822392169e+02 1.071151466123018992e+02 9.561044693805693839e+01 8.732302277974567062e+01 8.021710540060303174e+01 7.413944287073447015e+01 6.579433862332309957e+01 4.562362523245921864e+01 6.579376562757290969e+01 6.645045640347819926e+01 5.209282193442445674e+01 7.227672603158930542e+01 7.499545246651449304e+01 9.489451565055820481e+01 9.149906953967412448e+01 7.152650920394849265e+01 5.982272026125562547e+01 7.996790645501356209e+01 9.108294877185214489e+01 1.010267893548176517e+02 1.109081202106230819e+02 9.050000323224830368e+01 9.647740230396594541e+01 8.063859613032444429e+01 8.493888882421190090e+01 7.996772179783347667e+01 6.003740284982357878e+01 7.033535347780556890e+01 5.079386712428212292e+01 4.847216260988516723e+01
8.596293097611230394e+01 7.595582613582647014e+01 8.646836321125394420e+01 8.626007795723758420e+01 6.621221411627030307e+01 8.626007360883608044e+01 9.813530994769455162e+01 1.094142320071132701e+02 1.128005562377008886e+02 1.025672753169391598e+02 9.418334261938949226e+01 8.631547098046941358e+01 8.057714816397395907e+01 6.954576313540675869e+01 4.911172091225365932e+01 4.941209786724606090e+01 6.952268488628935472e+01 7.227672603158930542e+01 5.850108356852280167e+01 7.280982037993491929e+01 9.273919341504266356e+01 9.968267617487474297e+01 8.818796938970255894e+01 7.412806917196154188e+01 6.724515752786913936e+01 7.629109023595506756e+01 8.783749770099854004e+01 1.075789066564730661e+02 1.049585800407830192e+02 1.094476238859244575e+02 1.010482751766366931e+02 8.734014781425696583e+01 6.714992765059167823e+01 6.984945174728990480e+01 7.867102890829136186e+01 7.033535347912599889e+01 6.476842956999931289e+01
1.040328408419584463e+02 9.006032505881623251e+01 9.880931102099403063e+01 7.896723257063163715e+01 7.786886440426073364e+01 7.575123518434963898e+01 8.985490280398569496e+01 1.095784439788813813e+02 1.045431345727986638e+02 8.383125089338028602e+01 7.306700444865384725e+01 6.500721626925715668e+01 5.944826101235178584e+01 5.433415184941193843e+01 6.954576313540675869e+01 5.215244282089376782e+01 6.381061306516173914e+01 8.358536472872445700e+01 7.280982037986815669e+01 6.679548638695813167e+01 7.844270471293445723e+01 9.827437403832747975e+01 1.022478705922778630e+02 8.365008447562637173e+01 7.629109043437867399e+01 9.548018640674376911e+01 1.043546693301324524e+02 1.157498321530298000e+02 1.252715807785344992e+02 1.100662937441839659e+02 8.967667846576847523e+01 7.529704677567991666e+01 8.734014781425696583e+01 8.411934928298350655e+01 9.849782738252243064e+01 8.167327268516507388e+01 6.165919286092722018e+01
1.101630454017514609e+02 1.098053360334040747e+02 1.069861087876629284e+02 9.303550386240236492e+01 9.194813931632083381e+01 8.985490280398569496e+01 8.985489736159476593e+01 1.095768759488342567e+02 1.128524155436949599e+02 9.956828992594141425e+01 7.844768835836006815e+01 8.419374127911434869e+01 6.273819714111667878e+01 7.486469604413549916e+01 5.632990543329923838e+01 7.219733944421903971e+01 7.215527190711232208e+01 9.142679834753644741e+01 9.273919312013696015e+01 7.505834703817461673e+01 8.683926713236489547e+01 1.063974278738124184e+02 1.116404061740097688e+02 1.034643605375599407e+02 8.783754281423573218e+01 1.043665333761308602e+02 1.069284602727158955e+02 1.153110625236167834e+02 1.229198105996555341e+02 1.025966159963277704e+02 8.815168670463700096e+01 8.702555744559188611e+01 1.040574935949586859e+02 1.044906705368955926e+02 9.426833581247038296e+01 8.572309379084803993e+01 7.130128450892408409e+01
9.868605925689148251e+01 9.501374402186414159e+01 1.032524922370820946e+02 1.127485146435669208e+02 1.116636910310299413e+02 1.095784439788813813e+02 1.095777209724701038e+02 1.177523339877134703e+02 1.207490287554148409e+02 9.963344750747388900e+01 9.781891077304082671e+01 8.823706275120392206e+01 6.937594603433693408e+01 7.657688971704291703e+01 5.962493555375566245e+01 6.640223175811890144e+01 8.602081465485373712e+01 9.953032904894688215e+01 1.030530403339724188e+02 8.661311856036140000e+01 1.030530403339724188e+02 1.149483631471755842e+02 1.177067216592764538e+02 1.158004945600323339e+02 1.075896501786618416e+02 1.036383455426301481e+02 8.671886200827874802e+01 1.036383455426301481e+02 1.125075951180570257e+02 1.169255616785750647e+02 1.085491418802686212e+02 1.074280336352868233e+02 1.158077914043136474e+02 9.758498881138241643e+01 7.703961132401083489e+01 6.551009435138793435e+01 5.865217219648106806e+01
8.105738292478640972e+01 7.527646887700070977e+01 9.501374402186414159e+01 1.113936435292243345e+02 1.197992044570959536e+02 1.179782347227591970e+02 1.096812623795654673e+02 1.179782347227591970e+02 1.231548614038781864e+02 1.040728515063566277e+02 9.050116062256269345e+01 8.049737258971603637e+01 8.961334437122853558e+01 8.271369916520288257e+01 6.301221799336394014e+01 8.271369916520288257e+01 7.780577733520350137e+01 8.903917070539233691e+01 1.084578808388422857e+02 1.063090331143411760e+02 1.143949086400183717e+02 1.117769034737145972e+02 9.755079492268562547e+01 1.117769034737145830e+02 1.064109165049281813e+02 9.526044327452886762e+01 7.503866334002465521e+01 8.390652391326911186e+01 1.041285175075399678e+02 1.125175531749061122e+02 1.042043729674449679e+02 1.015981926521836698e+02 1.099123581527962017e+02 1.061531618635332563e+02 9.426673745682775518e+01 8.572301447310135813e+01 6.659465173886948719e+01
6.143342750770527516e+01 7.527646887700070977e+01 9.501374402186414159e+01 9.059980029889339903e+01 1.004124395218828170e+02 1.053406710517816265e+02 8.982573252585827106e+01 1.080248221173603298e+02 1.179782347227591970e+02 1.176283477258038772e+02 1.080374387481948446e+02 1.000815017146172323e+02 9.138287653464256266e+01 7.195147364261590894e+01 6.723002791410119983e+01 8.679799585729512046e+01 9.724648331597970241e+01 1.053318330062153052e+02 1.165721073039813120e+02 1.200197606779500745e+02 1.116602854353356236e+02 1.027783964509765156e+02 8.327833140570692194e+01 9.862967182789719800e+01 8.619354693621805552e+01 8.761732887827537297e+01 6.733649808611852450e+01 8.761732887827537297e+01 1.014896979320837573e+02 1.042043729674449679e+02 8.408577751831627722e+01 8.147208274740096101e+01 9.749816586298811671e+01 1.058159335806092258e+02 1.014101721141742729e+02 8.080918657302466102e+01 8.684307547120674542e+01
7.124813590051083168e+01 8.608077453616355967e+01 9.416496222297972452e+01 7.874921674151163131e+01 8.082878571086340003e+01 8.562774493218662997e+01 8.016639127433833778e+01 8.982573252585827106e+01 1.038171910868303911e+02 1.238383828252091234e+02 1.127993214659250896e+02 9.356369914414305811e+01 8.240397679262490271e+01 9.125149441694121322e+01 7.276130323916240172e+01 7.710138867521042982e+01 9.081222989150775504e+01 1.101781192739496333e+02 1.205544658760805561e+02 1.106520254906361203e+02 9.145678340270069384e+01 9.444110769390591997e+01 7.421422600764262256e+01 7.840584256133311669e+01 7.185989347747724310e+01 7.682712677395016954e+01 6.167093541822210057e+01 7.284203923738697029e+01 9.311004899437048721e+01 1.029995697741777150e+02 8.997837769741725822e+01 6.977177004415695194e+01 7.733808967773964582e+01 9.749816698456754693e+01 1.099710673235369995e+02 1.014101721457883656e+02 1.043969182836056291e+02
7.211596794459875071e+01 6.648037069883270078e+01 7.755335127547508023e+01 6.924134005710783413e+01 6.725435138665352497e+01 7.205423850004525832e+01 9.140152731558659127e+01 1.080248221173603298e+02 1.167857659157203614e+02 1.250911823392136597e+02 1.207716612846307100e+02 1.096640572537711051e+02 9.606216623177384406e+01 8.651012725102057743e+01 7.967859420492520428e+01 9.647938521196292072e+01 9.081597936702993934e+01 1.102927177215423313e+02 1.123088298499435496e+02 9.219486743016059904e+01 8.211853342676155876e+01 7.495704745968217253e+01 6.930123009978231607e+01 6.401867453404712194e+01 6.009107224873347519e+01 5.650986045988457818e+01 5.624359338402695130e+01 7.655054707827268601e+01 9.170411481855030900e+01 8.317896661296536820e+01 8.324284185650503787e+01 6.299158446875804884e+01 7.584815331696144369e+01 8.419834711468304533e+01 1.014052877945109969e+02 9.306229672420626287e+01 1.014053072718307078e+02
5.246684977051316423e+01 5.517675415724951193e+01 5.800247390704869588e+01 6.093702498927482480e+01 8.054114296996854705e+01 9.140152731558659127e+01 9.782978600949856229e+01 1.041187920067672508e+02 9.675752160861111406e+01 1.109086733156872810e+02 1.309743225780429441e+02 1.232659482757683236e+02 1.058738590123732877e+02 1.058738590123732877e+02 8.698465976482439999e+01 1.063602369630297062e+02 1.103016662303608086e+02 1.186649624347535621e+02 1.205544658760805561e+02 1.106520254906361203e+02 1.022986073984904891e+02 9.516419510292276129e+01 8.955990104404216368e+01 8.432926501195073854e+01 8.042074150355779238e+01 7.189972137087465853e+01 5.164566787766886335e+01 6.331996585886526674e+01 8.349578697235153868e+01 6.893215573169480592e+01 7.263110708389704939e+01 6.944569033326469309e+01 5.560196834813827849e+01 7.584818246714469581e+01 9.127620489531872749e+01 7.275600401701143483e+01 9.127624303025451979e+01
6.381672708208879641e+01 7.478459035887836137e+01 7.181096499723463467e+01 7.476662708228523968e+01 6.765223499887858338e+01 7.268035727290718739e+01 7.806557859415325140e+01 8.423120883693965766e+01 1.041187920067669666e+02 1.231770137563833885e+02 1.149114337425977794e+02 1.231770137593615857e+02 1.253176262628649198e+02 1.144652521704571626e+02 9.812886456073665897e+01 1.144652521704571626e+02 1.212731439013227401e+02 1.130143552491079078e+02 1.108359253037017709e+02 1.058466287045074523e+02 1.116839422756167437e+02 1.079393580526293306e+02 9.966593201208821995e+01 9.250542654670148579e+01 7.825709545064812289e+01 6.922956772145361981e+01 4.905270759151535032e+01 6.563852487778298439e+01 7.415053727570304432e+01 7.194722677847963155e+01 5.246640781025833888e+01 4.928742595503241120e+01 6.944572654076657159e+01 8.419691969282114030e+01 8.290914996397427217e+01 6.251864986892303477e+01 7.722694765002648865e+01
8.345302536222409628e+01 9.168732049887417190e+01 9.151263640989019166e+01 9.448205754193216421e+01 8.726997085654427622e+01 9.234818114373459252e+01 9.782978600949856229e+01 1.041187920067672508e+02 1.124199840502049597e+02 1.130736739297369411e+02 9.460045333048725524e+01 1.098979628122071119e+02 1.181611502587024347e+02 1.257356924692293489e+02 1.176045007725723650e+02 1.183533751561844554e+02 1.101002941438697746e+02 9.306290393793260307e+01 9.087873890671306754e+01 8.584176182846518088e+01 9.170105167971122739e+01 9.664634068129424804e+01 7.959921084678423142e+01 8.149222775505882055e+01 6.400876456049931562e+01 4.974561447622514976e+01 4.759143491891448008e+01 4.547191652538139550e+01 6.307422404069531296e+01 6.163790581922147283e+01 4.360405899252857864e+01 6.362654137801736454e+01 7.780300178726399452e+01 8.922531224778417425e+01 6.892961431235093528e+01 5.538880433710968276e+01 5.690271525840405076e+01
8.390128889238809506e+01 1.010954277524863585e+02 1.002372730432541914e+02 9.193568513269040920e+01 1.002372730432541914e+02 1.090567818723340423e+02 1.090205867149731347e+02 1.006164398838828475e+02 1.090205867149731347e+02 1.047436070180610557e+02 8.444485716107880080e+01 8.961849263586147174e+01 1.039987146390992763e+02 1.241400077595296381e+02 1.215830675447013647e+02 1.016943206026604685e+02 9.016340651625792191e+01 8.304230248236773093e+01 7.663201631187193641e+01 7.153203675909912818e+01 8.547675854433995823e+01 7.652927566054115971e+01 7.949113177413512688e+01 6.305265232223757010e+01 5.292031378082689486e+01 6.992500905105080733e+01 6.765078699871983758e+01 6.277242481627933302e+01 4.320264859227161480e+01 4.166387756412441945e+01 4.013495330744952128e+01 5.808732688497662622e+01 6.630340566264209201e+01 7.768166115401147920e+01 6.892961452122585797e+01 4.883399390353203984e+01 6.892961452122585797e+01
8.173609791757991161e+01 8.099918637754188921e+01 9.019390457785232229e+01 7.183033725189110896e+01 9.019390457785232229e+01 8.895297939627278083e+01 9.888989749690334463e+01 8.036667053821047091e+01 9.879407207220573639e+01 9.691850397611375456e+01 7.688618297757690812e+01 8.796537824116988702e+01 1.022868946972143220e+02 1.224352087154246789e+02 1.298464227175537076e+02 1.183533751561844554e+02 1.101002941438697746e+02 1.030515399252505091e+02 9.023596618234785183e+01 7.004435699380387348e+01 6.520999509327199917e+01 6.211974254187525446e+01 5.917519776465249493e+01 5.631157060842322437e+01 7.117646829816028742e+01 8.106521632800669863e+01 7.219335673377001683e+01 5.205032291821601831e+01 6.320834474245712897e+01 5.572791621103259274e+01 5.808733705054071095e+01 3.814436864865409405e+01 4.958258064862761927e+01 6.951539134088471883e+01 6.498853907510593331e+01 4.503729645406895088e+01 6.389673978529027210e+01
