LEM/with_lateral_4open/elevation_000265.asc
nrows	100
cellsize	150.0
xllcorner	0
ncols	100
yllcorner	0
NODATA_value	-9999
[rows 34 to 50 of 100, columns 37 to 73 of 100]
6.408098789907508319e+01 6.819859941534545555e+01 4.785051004382191309e+01 5.971468245999083990e+01 7.978784549995748421e+01 7.580550655791113002e+01 9.244327979265921158e+01 9.449616608952845809e+01 8.444539405512168173e+01 7.612403900037472226e+01 6.939905465068913770e+01 5.964587305289114028e+01 3.923697131830009965e+01 4.017748276200598667e+01 6.058076867610900962e+01 7.243193992983312057e+01 7.831596880077528056e+01 5.820464131127745588e+01 4.378907607174788552e+01 6.409517360982226819e+01 7.286265619802738058e+01 6.137654842818628254e+01 6.802730924625150521e+01 7.800994669663241154e+01 9.816632479865666028e+01 1.170299251346178977e+02 1.027415533687336620e+02 9.277534926756949574e+01 7.793838049359555953e+01 5.849857805507964059e+01 7.193912721586717396e+01 5.951231922299344745e+01 7.899684449103553163e+01 8.360551478773037104e+01 6.362119910952243629e+01 4.954004399821847215e+01 6.097440191702425238e+01
8.407213727404811721e+01 7.115584918832324490e+01 5.088196617768810626e+01 7.115584918832324490e+01 8.802800971670004060e+01 9.568099402814887355e+01 1.039216454158623577e+02 8.617978815797762593e+01 6.606828984277183281e+01 5.595423361747533875e+01 4.911146954371581330e+01 4.288633336651631112e+01 5.964943737730948925e+01 6.058076867610900962e+01 4.372337786798639314e+01 6.410158700441871815e+01 7.602632856333411837e+01 7.241720431781497780e+01 6.409517360982226819e+01 4.725796629049867903e+01 5.276380655033970157e+01 7.286265619802738058e+01 8.808813574764450038e+01 9.641168162402139785e+01 9.690977531687425994e+01 9.690977531687425994e+01 9.446190418496239261e+01 7.455287135829253486e+01 6.480036593753202112e+01 7.793838049359555953e+01 8.597778377574081787e+01 6.623270574667407118e+01 8.597778377574081787e+01 8.360551478773035683e+01 6.362119910952243629e+01 6.362119910952243629e+01 7.775848264012577715e+01
7.902474411089600892e+01 5.896291973064173675e+01 5.461052499336349086e+01 7.477804220896095444e+01 8.991025200671404605e+01 9.814133234027157471e+01 1.080630603463997943e+02 9.449616608952845809e+01 8.444539405512168173e+01 7.612403900037472226e+01 6.613389306384199529e+01 4.577597807152044851e+01 6.613389306384199529e+01 7.243193992983312057e+01 6.410158700441871815e+01 4.743549797341593433e+01 6.766509028574351703e+01 7.973910089894459929e+01 6.749101268017602706e+01 6.749101268017602706e+01 5.127274521263513662e+01 7.140108754896985488e+01 7.969894911643429225e+01 8.416848914962452000e+01 7.676403301262109835e+01 9.690977531687425994e+01 1.027415533687335056e+02 9.024184039962180748e+01 7.037711378905562754e+01 9.024184039962180748e+01 8.597778377574081787e+01 8.013677768955527370e+01 9.424814436713668897e+01 9.189576617073437603e+01 8.360551478773035683e+01 8.360551478773037104e+01 8.823030723619538662e+01
6.802412996435099046e+01 7.902474411089568207e+01 5.946722560629698506e+01 6.332729609161703621e+01 7.005037337519308949e+01 8.000017572951257705e+01 9.982032828391545820e+01 1.025432701458669271e+02 9.094053567198882604e+01 8.195500081756399879e+01 6.906346402385129579e+01 4.876680103753832185e+01 6.316695682936774858e+01 8.329889157730549698e+01 7.606831206680928403e+01 6.775021857920108914e+01 5.131094689716894663e+01 7.153943816473125139e+01 8.757049000791246840e+01 6.771986417126241520e+01 7.140108754896985488e+01 5.550193226084906684e+01 5.972085459614827840e+01 6.418009846488439507e+01 8.416848914962452000e+01 1.010736019798934961e+02 1.127074087309616601e+02 9.689401193165964798e+01 7.693749733554625436e+01 9.689401193165964798e+01 1.059344350600765807e+02 1.000792198869138474e+02 1.040332229723081667e+02 9.645064600622411888e+01 8.975692157317355679e+01 9.538693093652230459e+01 8.933249141897150025e+01
8.792442790407149289e+01 7.852348296639593173e+01 6.441269438716872742e+01 8.329029246287372246e+01 8.991025200671404605e+01 9.814133234027157471e+01 1.080630603463997943e+02 9.423689270710531218e+01 7.412249106386559561e+01 6.252577797723586883e+01 5.344521134077707814e+01 5.899311434980855751e+01 7.738977791726304645e+01 8.715664731745178528e+01 6.708363145411226469e+01 5.542724596790255731e+01 6.304574107516754111e+01 7.984832188837349065e+01 9.609443645164385828e+01 8.778065320897279378e+01 7.969894911643429225e+01 5.972085459614827840e+01 7.969894911643429225e+01 8.416848914962452000e+01 7.262657896330547658e+01 8.421051842466918913e+01 1.044116208011976568e+02 1.051758281823469758e+02 8.689619216265320745e+01 1.051758281823544507e+02 1.155862449478322134e+02 9.557582390526492588e+01 8.397161002304298449e+01 7.636947270707233315e+01 6.969664725832843999e+01 7.532809477605164261e+01 7.931603694378138414e+01
1.065904012188092338e+02 9.255694209260251171e+01 7.441945364488344694e+01 7.385253279979802699e+01 8.786538329959164173e+01 1.077002866037232849e+02 1.069512588144171872e+02 9.534322750042846906e+01 7.882646359943164782e+01 5.872276942118838861e+01 6.774728666334391392e+01 7.913381368709225683e+01 7.913381371351621851e+01 9.545231069122270640e+01 7.852906618590036203e+01 5.844265354502719134e+01 7.004715332000327521e+01 8.314204416112531248e+01 1.032017175498137362e+02 8.973355558739238802e+01 6.966434264547611122e+01 7.381265908842463830e+01 6.819720722198515261e+01 8.824910858710579475e+01 9.274850890618185417e+01 8.532594146387781109e+01 1.055209602690146369e+02 1.151732930921023978e+02 1.068918317006661027e+02 1.151732930921285600e+02 1.238513871094367715e+02 1.123079367694307251e+02 1.040332229723081667e+02 9.538693093652230459e+01 7.532809477605164261e+01 6.121947877826803364e+01 7.102970407244116302e+01
1.063119820968050107e+02 1.024766639137479700e+02 8.843148621476805715e+01 8.786538329959164173e+01 8.786538329959164173e+01 1.077002866037232849e+02 9.865060119932981308e+01 7.851750517689568198e+01 6.694022852817020919e+01 6.377292315094280184e+01 8.384431041559463438e+01 9.616272781020015259e+01 9.923632349595003177e+01 9.585603764680622874e+01 7.578016470448206121e+01 6.161088168456755909e+01 8.166025172945353461e+01 9.011557463340179197e+01 1.101698226640795184e+02 9.805793682774863385e+01 7.858346797921043958e+01 9.390971033411665303e+01 7.710134429090969377e+01 8.234273068904165882e+01 1.025083662131129927e+02 9.963141823078697712e+01 1.138137269589995242e+02 1.150278229575654905e+02 1.234717461622097971e+02 1.290180643270889789e+02 1.205718330133720286e+02 1.159122788897850143e+02 9.589604136158432368e+01 8.169467834357652691e+01 7.011377883211422102e+01 7.566070707955525165e+01 5.574201144271383868e+01
8.652505442131517555e+01 1.063119820968050107e+02 1.082685608186370416e+02 1.077002866037232849e+02 1.077002866037232849e+02 1.159529101784180085e+02 9.865060119932981308e+01 7.851750517689568198e+01 8.702675279115685214e+01 6.912366588351457608e+01 8.921356063741083631e+01 1.091448307578935015e+02 1.130321261191415942e+02 1.014477302291519010e+02 8.495417413927359007e+01 6.491802632711006993e+01 8.495417413927359007e+01 1.039819268768510625e+02 1.140120718713229593e+02 1.070643975646282371e+02 9.022785298771677276e+01 9.726783935201480347e+01 9.136189465950408817e+01 1.025083662131129927e+02 1.108087347324009500e+02 1.197395725338701311e+02 1.117383107242666398e+02 9.473081640935944847e+01 1.117383107242666398e+02 1.172564589066183771e+02 1.002081324909837434e+02 1.172564589066183771e+02 1.043558987647148371e+02 8.430067701286743898e+01 8.430067701286743898e+01 8.232590258780746240e+01 6.233031273206993461e+01
9.015602330270337461e+01 1.014922828692203183e+02 9.329739644611430549e+01 1.002919410068275141e+02 1.084869166769392876e+02 1.199095327989770112e+02 1.069512588144170451e+02 9.014314312420553676e+01 9.753113229143045260e+01 7.807445201138702373e+01 8.069719548851558955e+01 1.008471317787061139e+02 1.047618882619705687e+02 8.465626721027240364e+01 7.306875193526587964e+01 7.007010164251266815e+01 7.560227007753621820e+01 8.564253770382143216e+01 1.057439821893159859e+02 1.186798951290215598e+02 1.104013260598898825e+02 1.173889897261921789e+02 1.115260511272993682e+02 1.077534012547220357e+02 9.933858583604231285e+01 1.077534012547212967e+02 1.033093407632151042e+02 8.317319870242479851e+01 1.033093407632151042e+02 1.088148450350742138e+02 8.859253155741419050e+01 1.088148450350742138e+02 1.126318744332291431e+02 1.043558987647148371e+02 1.043558987647148371e+02 9.062261724373024663e+01 7.123472556166916547e+01
8.047661043811389447e+01 8.487220766403741834e+01 7.353857732464386743e+01 8.050838144606041169e+01 9.192995177228985426e+01 1.117146307273777666e+02 1.185471433481964993e+02 1.102720050515808055e+02 9.822528881805267531e+01 9.232947295313864799e+01 9.495638817268968523e+01 1.091448307578935015e+02 1.047618882619705687e+02 8.465626721027240364e+01 9.315390253554802769e+01 7.539754028701649702e+01 9.551021531758601668e+01 1.039819268768510625e+02 1.140120718713229593e+02 1.227503411262932929e+02 1.208693249786481090e+02 1.091559082481509080e+02 1.001398314512301795e+02 9.175187345285695528e+01 7.926603160155205785e+01 9.768159512475639872e+01 9.619013946415479666e+01 7.616549017134170185e+01 9.619013946415479666e+01 1.016651775394074662e+02 8.155440477968964785e+01 1.016651775394074662e+02 1.107304862927908289e+02 1.023094140987913221e+02 1.071656253044686053e+02 9.958903817995323493e+01 8.542590279371280815e+01
6.092196239546921532e+01 6.521449926628808669e+01 8.487220766403741834e+01 1.002919410068275141e+02 1.084869166769392876e+02 1.175707652757188981e+02 1.094866186882491377e+02 1.175707652757191823e+02 1.183165105094646350e+02 1.124590474403825056e+02 1.150686448848136223e+02 1.211056852675412898e+02 1.010887037059033133e+02 1.047618882619705687e+02 8.812089059087649900e+01 8.700975138418600352e+01 8.962474716423839993e+01 1.097189923543131727e+02 1.167883584268464574e+02 1.023888151274217080e+02 1.124316490570558784e+02 9.217743084435035428e+01 8.064456998534886623e+01 7.178924358390477778e+01 6.937517075143098566e+01 8.930230871879720667e+01 9.015248053118057214e+01 7.021391646309135126e+01 9.015248053118057214e+01 9.560155140412707908e+01 7.558514011314179015e+01 8.775046896067838986e+01 9.612388075275897847e+01 8.219390199012264020e+01 8.699419051684131432e+01 1.071656253044686053e+02 1.054774100278283839e+02
8.047661043811389447e+01 8.487220766403741834e+01 7.760694836012088160e+01 9.157948810254815442e+01 1.113630854090219344e+02 1.079322188495395523e+02 9.030883912079445963e+01 1.079322188495395523e+02 1.118906403671508940e+02 1.038003059949754032e+02 1.023072548038150558e+02 1.103895543883162986e+02 1.211056852675412898e+02 1.164879840692044581e+02 9.976254670465608854e+01 1.012601440650028621e+02 1.097189923543129595e+02 1.179789212396050004e+02 1.083525680171850638e+02 8.814741855873940324e+01 9.557370946662383915e+01 1.039797401346598917e+02 9.330890127250140154e+01 7.332390538821442760e+01 6.192800261410186380e+01 7.549579139266705852e+01 7.779631170646528915e+01 6.494728979573667971e+01 8.482367513639265155e+01 1.019681514442833503e+02 8.186131205045484194e+01 6.784213439071197627e+01 8.129135230810514656e+01 7.074605157893111596e+01 8.479451345700913123e+01 1.049424748049721501e+02 1.108709285333940926e+02
6.286967432745642270e+01 8.245854267289134043e+01 9.737396959735040980e+01 1.055688791141952692e+02 1.126401426741009999e+02 9.989772890452174181e+01 8.068003020015656546e+01 9.989772890452174181e+01 9.874892533298397268e+01 8.453413459800850660e+01 8.304669870213901106e+01 9.664281519127987963e+01 1.159824217990938848e+02 1.280268289957188301e+02 1.197860239470942361e+02 1.212739940042675642e+02 1.154273038992572111e+02 1.092807985564920870e+02 1.008698817845790217e+02 9.557370946662383915e+01 7.556251030900506294e+01 9.557370946228815001e+01 1.017014822269252647e+02 9.011638498492926885e+01 7.549579139266705852e+01 5.569229998709843699e+01 5.797823319464357894e+01 7.779631170646528915e+01 8.840330291692643527e+01 9.676588143264834230e+01 9.612388075275897847e+01 8.129135230810514656e+01 6.144423992816484059e+01 7.284677126132240232e+01 8.691790179101847968e+01 1.070919864373778836e+02 1.191943118109301878e+02
8.245853104217110285e+01 7.667883899086319843e+01 9.062040845542539103e+01 1.103940763354068366e+02 1.045808905729579408e+02 8.537407310299714425e+01 7.417548713748284683e+01 8.591533658228354398e+01 7.942444179520072112e+01 7.331976076598557768e+01 9.267697674566332466e+01 9.875262564252464870e+01 1.123906547881157536e+02 1.319639516475525625e+02 1.208587463111323785e+02 1.107055985490408716e+02 9.516398108881374185e+01 9.516398108881361395e+01 8.078539671065738048e+01 8.447096839202795593e+01 6.932545755879409910e+01 8.924561266119856384e+01 9.700718190573303445e+01 7.696921376832951012e+01 6.296859553303225709e+01 5.155116206272528956e+01 6.727889041701297401e+01 7.436466388120483373e+01 6.854966919534849978e+01 8.840330291692643527e+01 9.709983397531564719e+01 7.788759728469445065e+01 5.805451645914138936e+01 7.788759728469445065e+01 8.457277744220453997e+01 1.046986014666327947e+02 1.161571497752680813e+02
9.595616500953488526e+01 9.641198168854134565e+01 1.000516657588743925e+02 1.058306343931625406e+02 1.097001211316158873e+02 9.136607238143405141e+01 8.591533658228341608e+01 6.649811869473100501e+01 6.564254687789070886e+01 8.508445198048963221e+01 9.813115917485782802e+01 1.092966821278071734e+02 1.171835508249427420e+02 1.253455472187265229e+02 1.124136435041410778e+02 9.214130777927640281e+01 8.215747469656555779e+01 7.515942411336138207e+01 6.969019635157366110e+01 6.460158500878330301e+01 6.363653138779814356e+01 8.349515920591618112e+01 8.516912245673111670e+01 8.282323928332992580e+01 7.966706004323800983e+01 6.727889041701152451e+01 4.740515732894170498e+01 5.460634363255738322e+01 6.849822155517057354e+01 8.837988371815502830e+01 8.380671419868147609e+01 6.878621585076295730e+01 5.479485492273220615e+01 6.468138088790679774e+01 8.457278798683701382e+01 9.940002099224032861e+01 9.563394223900654367e+01
8.799714873450820107e+01 9.430895115877066814e+01 8.038013261951689969e+01 8.614179127969880767e+01 9.681570285950321875e+01 8.905575370775687816e+01 7.279311376273477663e+01 6.164416252839038890e+01 8.107453637380504574e+01 7.069634550601710998e+01 8.194684348494104142e+01 1.012197296286206551e+02 9.784873911761556542e+01 1.171835508301052045e+02 1.208587463111323785e+02 1.107055985490408716e+02 1.022774756417087616e+02 9.516398108881361395e+01 8.961571524897246377e+01 7.818771767261240768e+01 5.836289060578504717e+01 7.351496112102640268e+01 6.526359324968704811e+01 6.293001365064341002e+01 6.649379290263533449e+01 6.427038572938926109e+01 4.473884592533585192e+01 5.261578522952960668e+01 7.764876455620601803e+01 8.380671419868147609e+01 6.388869144670333355e+01 6.754371672285060413e+01 5.179314147918057643e+01 6.580324767811690378e+01 8.572175064752019580e+01 7.901384053740393654e+01 9.875281347962855705e+01
7.970786608463913581e+01 8.614179127969879346e+01 6.651513572807148478e+01 8.614179127969879346e+01 8.585127220606169374e+01 7.125580037110078990e+01 7.328332414365674197e+01 5.931438440802759970e+01 7.991727981494177868e+01 9.009252363995507551e+01 7.636056548989756720e+01 8.429198639295574935e+01 1.035117743619695005e+02 1.184350112437619202e+02 1.281757052811447011e+02 1.173638269497148485e+02 1.056674447910514232e+02 9.667127195842122944e+01 8.829584153211169451e+01 8.346767694115143854e+01 7.351496112102640268e+01 5.369678712843052892e+01 5.126211547939008994e+01 4.890049897639831045e+01 4.660702102122186119e+01 4.435499935916739389e+01 4.215218147989889275e+01 5.610344808988670451e+01 6.801418354084736961e+01 7.207201871143962535e+01 6.378790910303940365e+01 4.766985085440667547e+01 5.914423524360678641e+01 7.901762172817653607e+01 9.028304393252194870e+01 7.007424975659920108e+01 8.017904781792049107e+01
