LEM/with_lateral_4open/elevation_000375.asc
nrows	100
cellsize	150.0
xllcorner	0
ncols	100
yllcorner	0
NODATA_value	-9999
[rows 0 to 16 of 100, columns 0 to 36 of 100]
8.271705653423140625e-02 2.127631151761726416e-02 9.425194436011796739e-02 4.939197167322698090e-02 3.975871534419905817e-02 6.171646774684565184e-02 1.696294146011132625e-02 1.936121709489252440e-02 4.216450047424835645e-02 2.297044857093000214e-02 6.704298068806634203e-02 4.162315340452049650e-02 3.835349583220235004e-02 2.777463300387698203e-02 2.207885817162396139e-02 7.161913568127860341e-02 9.025521335945362045e-02 3.502399586135773735e-02 8.040414306008919487e-02 3.131346976591601466e-02 7.604099264847130613e-02 2.387740603804927586e-02 5.687112022313325910e-02 4.074439634684711570e-02 8.709178300582484655e-02 7.612946965408906586e-02 1.077918208624280109e-02 9.929772718869623455e-03 4.600412614040166881e-02 2.152795518990661267e-02 2.378824418737431057e-02 9.511189423522797837e-02 9.406546861214974686e-02 1.749038473908382007e-03 2.223905489293687143e-03 6.269637160239108220e-02 9.476101746191394060e-02
7.813061968023242432e-02 2.002127631151726206e+01 2.009425194435976181e+01 8.214357780950559018e+00 2.003975871534384368e+01 2.006171646774648920e+01 3.730869705001141234e+00 2.001936121709453786e+01 2.004216450047333709e+01 2.002297044857057529e+01 9.011314890687302182e+00 2.004162315340416356e+01 2.003835349583184566e+01 2.171999702679471067e+00 2.002207885817126964e+01 2.007161913568092260e+01 1.009025521335936659e+01 2.003502399586100324e+01 2.008040414305973442e+01 2.003131346976556060e+01 3.557594111762435674e+00 2.002387740422188145e+01 9.001143030222369390e+00 2.004074439634649352e+01 1.422938570484434884e+01 2.007612946965373268e+01 1.148539430063390210e+00 2.000992977271851458e+01 2.004600412614004767e+01 2.002152795518955131e+01 1.002378824418746106e+01 2.009511189423487210e+01 1.164107085240476813e+01 2.000174903847355168e+01 1.000222390548920615e+01 2.006269637160203700e+01 2.009476101746155763e+01
2.526786264046545702e-02 2.002526786264010994e+01 3.649862892168882667e+01 1.976136316474327970e+01 3.649862909467962169e+01 3.201514095244038316e+01 2.373086970500078507e+01 9.277871667253384302e+00 2.927787166725158485e+01 3.729558613839570569e+01 2.315345051441850543e+01 3.729558613888782048e+01 2.432865517076363560e+01 4.328655166748248462e+00 2.432865517076363560e+01 3.590092421772327214e+01 2.423239083641346170e+01 3.837450363050953683e+01 2.880985142616344064e+01 8.809851426151384501e+00 1.769972973549363715e+01 3.184186497208389710e+01 2.314327865395357264e+01 2.900114303031965690e+01 3.423533450602364070e+01 2.228813862665056433e+01 2.288145194659767512e+00 2.228813862665023393e+01 3.111893908327298064e+01 3.830805949165362989e+01 3.002378824418781633e+01 3.830805949165608126e+01 2.578320647613596961e+01 3.000222390548752216e+01 3.000222390548854534e+01 3.234543161569369119e+01 1.234536510129888143e+01
4.163169627051844027e-03 1.414629879335787699e+01 3.414629878990893985e+01 3.976136316508459601e+01 4.804563452418997116e+01 4.192698230792596092e+01 2.192698230792667502e+01 2.927787166725302725e+01 1.594453833391999353e+01 3.594453833391928299e+01 4.315345051442157143e+01 4.432864573182148860e+01 2.432865460209920272e+01 1.188794462693272713e+01 7.616634912855380968e+00 2.761663631456170265e+01 4.423238986706191866e+01 4.680098884453106933e+01 2.680098884448012697e+01 1.265885322074892372e+01 3.265885322076385222e+01 4.598400099242236649e+01 4.314327865420401764e+01 4.900114303241137748e+01 3.754673770574994762e+01 1.757483386197052866e+01 3.433341863287501905e+00 2.342495674062903888e+01 1.111878054382403747e+01 3.111893908327310498e+01 4.245924703863814642e+01 5.074367575177686973e+01 4.578320647615178984e+01 5.000222390543951434e+01 4.303595686660373332e+01 2.303581547982329525e+01 2.932414537793633968e+01
5.883922493566802470e-02 1.420097484866649218e+01 3.420097484478952055e+01 4.693507540385800780e+01 5.521934854997349618e+01 5.021125355526359613e+01 3.606911793165712510e+01 4.094453833391919062e+01 2.094453833391990472e+01 4.094453833391919062e+01 5.757707567135948779e+01 3.757708562151669440e+01 2.343495001070400363e+01 2.999019765513249425e+01 9.990198229243066663e+00 2.413233385289709787e+01 4.413233372338603999e+01 4.680098884453106223e+01 2.680098884448012342e+01 3.265885322076385222e+01 1.932551988741570881e+01 3.346765551114715720e+01 5.346765551122354765e+01 4.760974470438085149e+01 2.757844256804666827e+01 1.343339948987392951e+01 2.343333821198807243e+01 5.088553640492230912e+00 2.508852747705841324e+01 1.760763774291546468e+01 2.245835115057265341e+01 3.660083564234273723e+01 5.660270328552417851e+01 5.717837655202177416e+01 3.717797482813132603e+01 4.303595686660373332e+01 3.275421664235539509e+01
1.256007409845548775e-02 2.001256007304590057e+01 3.060514377146651555e+01 2.693507539470109435e+01 4.596048355578430744e+01 5.596048416950706184e+01 5.606911793165641456e+01 4.761120500058574123e+01 2.761120500058645533e+01 3.508667395765035479e+01 5.508667395764964425e+01 4.343494708345526334e+01 4.343494708345526334e+01 3.243358707307008615e+01 1.243358711636915004e+01 2.657572274000711587e+01 4.657572259249231195e+01 5.508526010539890905e+01 4.680098884453106223e+01 4.535574677900311968e+01 2.535574677897108842e+01 3.346765551114715720e+01 5.346765551122354765e+01 4.766633925371136371e+01 2.758119930993037272e+01 3.344600559611683366e+01 2.631019265333249635e+01 6.310248084055277928e+00 2.631019265333256030e+01 3.760660478183145017e+01 4.245924703863814642e+01 3.098641358388940148e+01 5.098791656572826270e+01 6.546340475547958704e+01 5.717837655202177416e+01 5.061104064014064363e+01 3.061002047576058516e+01
9.594114293757748102e-02 5.259918937880821765e+00 1.060514377612935633e+01 1.767621158799495618e+01 2.767621158799513381e+01 4.767621159161787858e+01 6.175334062431619486e+01 4.175334062431690541e+01 3.915821038437856316e+01 5.508667395764964425e+01 6.337094520467936576e+01 6.343490668133653543e+01 4.770975332729523899e+01 3.495335022022408822e+01 1.495335026976397685e+01 3.495335022021691174e+01 4.972647381870903160e+01 6.127347605525594787e+01 5.800485741973225373e+01 3.800485741964504882e+01 3.535574677897143658e+01 5.346765551122354765e+01 6.175192677621545556e+01 5.605693680895404896e+01 4.765419866234277180e+01 3.758442560091304330e+01 2.753881402786950616e+01 7.538838317723175031e+00 1.907950626280127082e+01 3.314100604262050354e+01 5.268767097815486977e+01 3.854582546106496466e+01 5.098791656572826270e+01 7.098953968251161939e+01 6.130257640031528155e+01 4.130054452380765895e+01 2.715831051576360977e+01
7.711341127313005306e-02 2.007711341127277649e+01 3.060514377716044621e+01 3.767621158980636409e+01 4.596048369784899279e+01 5.596048416950706184e+01 7.003761187123821230e+01 6.175334062431619486e+01 5.915821038437785262e+01 6.744248163138365726e+01 6.150473465060662193e+01 5.256046497338616064e+01 3.942548616095813685e+01 1.942548622476347830e+01 3.495335022022408822e+01 2.144220711499436405e+01 3.298921249878451079e+01 5.298921232526318192e+01 6.628912868734789754e+01 5.214699304337649721e+01 4.949788240270288497e+01 6.364001804374169780e+01 6.049673853466607198e+01 5.205310127525098096e+01 4.440747341157622685e+01 2.373192316593648954e+01 9.317055215620708708e+00 2.753881402786950616e+01 1.908949037320583741e+01 3.326483940699697683e+01 5.337041880963217011e+01 5.268940326680527164e+01 5.268940326680527164e+01 7.269205695490011010e+01 6.130257640031528155e+01 4.130054452380765895e+01 4.618247040531114322e+01
2.297228869525369793e-03 2.000229722886917116e+01 3.744896870795761146e+01 4.573324174283366261e+01 4.641200234518427692e+01 4.641200259876639933e+01 5.469627664020833890e+01 6.509935655508358820e+01 7.338362864838710209e+01 6.736260574093883235e+01 4.736260625853466877e+01 3.322047063548889412e+01 2.427619872549005464e+01 3.942548616095813685e+01 3.942548616095813685e+01 4.144220704166282587e+01 2.928685252052158461e+01 4.928685239986397448e+01 6.826156336475220598e+01 7.214699304367380250e+01 6.949788240292159003e+01 7.051100327240743582e+01 5.223232124365082285e+01 3.218000495623580548e+01 3.689800555686531425e+01 2.982755230059266793e+01 1.058450371666965495e+01 3.078682581390048867e+01 3.917169276584662185e+01 3.917169276584662185e+01 5.932989906499359023e+01 7.269205695490011010e+01 7.269205695490011010e+01 8.097443822671765190e+01 6.959098363133055898e+01 6.130257640031528155e+01 5.172968958738365330e+01
9.647730019007895452e-02 2.009647730018972211e+01 1.744896867677779539e+01 2.902543853050234191e+01 2.641200257706878674e+01 2.641200257710906385e+01 4.641200260720084003e+01 4.509935654311004072e+01 6.183662291439281233e+01 7.338362864838710209e+01 6.150473450588881974e+01 4.812520041551202610e+01 2.812520052008749261e+01 4.812520041577988650e+01 5.942548524735411064e+01 5.757111749803392797e+01 4.083385790430675399e+01 3.997730219701730192e+01 5.411943781882983728e+01 7.411943694038217245e+01 7.456131988355227236e+01 6.075344452272405960e+01 4.280059433802463076e+01 3.791243026831060092e+01 1.802127968598664154e+01 1.489781179827871505e+01 2.850266815225646511e+01 1.257457809699642937e+01 2.956187265397040775e+01 5.184829297145778071e+01 6.145533260052454949e+01 6.213058985597398731e+01 7.055503961933307266e+01 7.694569351377934652e+01 7.587559869007603197e+01 5.587136078992597987e+01 4.172891275635633690e+01
3.582433992925927735e-02 2.953124169887144213e+00 5.901963292985074716e+00 9.025438530757169175e+00 1.226986695337239297e+01 3.226986695467844868e+01 4.355235116184714883e+01 3.355235115931711931e+01 4.509935654311004072e+01 6.509935655508358820e+01 6.375468849741702115e+01 4.375468880851175157e+01 3.220768342472597823e+01 4.634981904797048458e+01 6.634981860254821129e+01 6.911811855620618417e+01 6.083385761884516540e+01 5.411943781882983728e+01 6.826156336475220598e+01 6.692562357852125388e+01 5.886384582980502955e+01 4.694556916189586104e+01 3.293117049286754394e+01 2.294478043967431091e+01 3.791243026831060092e+01 3.509429820323688887e+01 3.378440669954276387e+01 1.399234044580954084e+01 3.108213309438062666e+01 4.211046834243380488e+01 4.009068255456963215e+01 4.202286483843484177e+01 6.036286165846278351e+01 5.663595524583129759e+01 7.694569351377934652e+01 7.001873035212295804e+01 5.327603056921254421e+01
1.813270376062421294e-02 2.001813270376026921e+01 2.590196329298257893e+01 2.902543853050028844e+01 3.226986695467844868e+01 1.752212426776138798e+01 2.355235115931676759e+01 4.355235116184714883e+01 5.881914821299638874e+01 6.710342000202403767e+01 7.203894810398776372e+01 6.049194769488610035e+01 5.220768329377837347e+01 3.927875123659120504e+01 4.744371704586817629e+01 5.899072242960145473e+01 7.899072161981702322e+01 7.411943694038217245e+01 7.261450368059135485e+01 5.316813685645729493e+01 3.921173560622468557e+01 3.387699755982360017e+01 2.871689659699202934e+01 4.280059433802463076e+01 5.091678520543385389e+01 4.631447395735211359e+01 3.557006065907720682e+01 1.557347796045398169e+01 1.870611433467666274e+01 2.213556122528979486e+01 2.572645852802823185e+01 3.278497357263065481e+01 4.030872386499561344e+01 5.442133963630679716e+01 7.470696470549029300e+01 8.156948458565237559e+01 7.327944056308196252e+01
2.372884694381488524e-02 1.416586447067489019e+01 3.416586447067559362e+01 4.869972032559896746e+01 4.580639577096035708e+01 3.166425989149362508e+01 2.508141372794606383e+01 3.174808039461284892e+01 3.881914820647857312e+01 5.036615359027149452e+01 7.036615360557645715e+01 7.342088617107002335e+01 5.342088685934929515e+01 5.342088685934929515e+01 5.560868284405508888e+01 6.744371670355374704e+01 8.727497245204288845e+01 7.978035170886992944e+01 6.042352316787564348e+01 4.912301011954070162e+01 5.886384582980502955e+01 4.277515127801034822e+01 4.021808134472448870e+01 5.661058503920505558e+01 5.222395688225709165e+01 3.198305305600645454e+01 1.783077781046910104e+01 3.549178793740215809e+01 3.866265513295608969e+01 4.211046838255465730e+01 4.571270102939710256e+01 3.278520381079509605e+01 3.908396817470018902e+01 5.320997564940236657e+01 7.354238118165122273e+01 8.872775393775515340e+01 7.996072994128871869e+01
8.175220331382776484e-02 2.008175220331347077e+01 2.939360690695371048e+01 2.869972032562732167e+01 4.284185594366477545e+01 5.166425989752362113e+01 4.508141373077436498e+01 4.141134534656673338e+01 5.881914821299638874e+01 6.710342000202403767e+01 7.865042566425545090e+01 8.170514024027413313e+01 7.342088617107002335e+01 7.342088617107002335e+01 7.560868180061645205e+01 8.389293297911558511e+01 9.572794623722313645e+01 8.786522338978519997e+01 7.666219618676875314e+01 6.042352316787564348e+01 6.237613470902844881e+01 6.237613470902844881e+01 5.985155937464365650e+01 6.792007800159171893e+01 5.464837479948287324e+01 3.608477709960411062e+01 3.073789014189100754e+01 2.013994977223866556e+01 4.245045878148528118e+01 5.477844654033020078e+01 6.123706531695772526e+01 4.707235186548169992e+01 5.281495650110763052e+01 4.972787258642260610e+01 5.976361631006193420e+01 8.024114116777039385e+01 7.165738915899008532e+01
9.124702163186203252e-02 4.679561699043078171e+00 9.393606906953353430e+00 1.455758470189662113e+01 3.455758470190150433e+01 5.154496457791695718e+01 5.982923584171491882e+01 6.141134536161933255e+01 6.969561739597367023e+01 7.475604109335880310e+01 7.646581962824231482e+01 7.061951613740053801e+01 7.646581962824227219e+01 8.106542007929095917e+01 7.522593899151074481e+01 7.740826649066821119e+01 8.565201992222378635e+01 9.531420529368669747e+01 8.786522338978519997e+01 7.978035170886992944e+01 8.182523423661201889e+01 7.627956273198465453e+01 6.788389752136689026e+01 5.830819816813158951e+01 4.992497494545786196e+01 4.745005105821175562e+01 4.086260502511633774e+01 2.178352662596127587e+01 2.648072522240601856e+01 4.643255654570996427e+01 6.060730976617105625e+01 6.837635447833460489e+01 7.310512174117233997e+01 7.000237873891623508e+01 7.848738487387402074e+01 8.872775393775515340e+01 7.996072994128871869e+01
2.239863785106879432e-02 2.002239863785071350e+01 2.939360690695371048e+01 3.455758470190150433e+01 2.398567511771742389e+01 3.154496457790210329e+01 4.568710020163355523e+01 6.568710020168434482e+01 6.889264170290898903e+01 5.477332743330168796e+01 5.648673217115427292e+01 5.063274137824599563e+01 5.648673217115426581e+01 6.109830779826378944e+01 5.524645135381567229e+01 5.743272822953722567e+01 6.712449209234102909e+01 8.243936563602886736e+01 9.395417679711162862e+01 8.698804571797613505e+01 7.860172590297062811e+01 6.788389752647567832e+01 4.763404996055611207e+01 4.992526491255481602e+01 2.987343828010986613e+01 2.742878290034765243e+01 2.506507715133065872e+01 2.450132332101647847e+01 4.451129711577039672e+01 3.372329518336882614e+01 5.371096380504218359e+01 6.827381079852889911e+01 6.827381079852889911e+01 8.848089801353259531e+01 8.394752948199148079e+01 7.259183973110602039e+01 6.445844265522075034e+01
1.766589122093755945e-02 1.001766589122085094e+01 2.156467127501316128e+01 4.156467127501245074e+01 4.398567511772665739e+01 5.154496457791695718e+01 5.982923584171491882e+01 6.376869368053074538e+01 5.550838393488302813e+01 4.063292273057439985e+01 4.648879719829584900e+01 3.649086222543743219e+01 5.648673217115425871e+01 5.461271238138330375e+01 4.110836019555905807e+01 4.713789987135401560e+01 5.420617480915839081e+01 6.574876496795415903e+01 8.572036044436872260e+01 7.860172590297062811e+01 5.826996823911969159e+01 6.422500218227912683e+01 5.356509296054276348e+01 3.346349545019494798e+01 4.992526493912573926e+01 3.893534745800563002e+01 3.917578397320951211e+01 4.451153178201010974e+01 2.844185301739255323e+01 4.847950613662648323e+01 4.183212350533234769e+01 4.813659823420965722e+01 6.235324937575457227e+01 8.256731048225366010e+01 7.583273342050713950e+01 5.613188391496964869e+01 4.461828789523317340e+01
