LEM/with_lateral_4open/elevation_000493.asc
nrows	100
cellsize	150.0
xllcorner	0
ncols	100
yllcorner	0
NODATA_value	-9999
[rows 68 to 84 of 100, columns 0 to 36 of 100]
5.009162696260269221e-02 2.005008453326324158e+01 3.824811410891539509e+01 2.996435800866451515e+01 2.702378664139125775e+01 3.589677774328557547e+01 2.589676431023858427e+01 4.374270638591190163e+01 4.247312646194603047e+01 4.747312711309405131e+01 4.747312711462403456e+01 6.747338195111693437e+01 8.209310138900274012e+01 6.537772027418353105e+01 8.209310138900274012e+01 6.882751319904201637e+01 7.885536262962207843e+01 8.714007058663145244e+01 1.017710688648574830e+02 9.908039143408321081e+01 8.938965020233673897e+01 8.097932114397590908e+01 7.032094691687561294e+01 4.985902707799080957e+01 6.366090519601475251e+01 7.770320804260816772e+01 9.126749368028967524e+01 9.965581806201383586e+01 1.013955567182750599e+02 8.900337168964985324e+01 6.916220891723583009e+01 8.238965067292348010e+01 1.022958534911627169e+02 8.943777200657955007e+01 7.159750472287691991e+01 7.525220962844385042e+01 6.500524570107755551e+01
4.695337527364121244e-02 2.004695337527328647e+01 3.652537852138059549e+01 4.652537852138077312e+01 4.702381968682990276e+01 5.345609695965729458e+01 3.345605377268788061e+01 5.345609695965729458e+01 6.247328794317265022e+01 6.747338043180911882e+01 6.747338195111693437e+01 7.576011489345471261e+01 7.382372032587846888e+01 5.380521333964447450e+01 6.312339662198845502e+01 5.726277610872143953e+01 5.862628843084461749e+01 7.142010516106770979e+01 8.556209529263122704e+01 9.385191368532844081e+01 9.914042904348298180e+01 7.879429424755693390e+01 6.434339082636772389e+01 5.601170628084648229e+01 5.944016136726730082e+01 6.708468309140317842e+01 7.829272700951420916e+01 9.854099514665634274e+01 1.030771581178685921e+02 8.317381847713922127e+01 8.317381847713920706e+01 9.727872166647637187e+01 9.935091627629776667e+01 8.123701836761819095e+01 6.134964521437258611e+01 5.532708038325890243e+01 6.741060002207751722e+01
7.614146464036156137e-02 8.241107273917693377e+00 1.824110727391786924e+01 3.238324289764931763e+01 5.238324289765002106e+01 6.174088172809187114e+01 4.759819099144599619e+01 6.174088172809187114e+01 7.258183558864691065e+01 6.429681141100142838e+01 6.429681141100142838e+01 7.015588470953572653e+01 7.727218614868490931e+01 5.726277610872181612e+01 4.303322732281209539e+01 5.578751018053360156e+01 4.669175999548097877e+01 6.717610119489584974e+01 6.558370516460080069e+01 7.667384383510376722e+01 8.495918161015275416e+01 9.318139680197634789e+01 8.262980700405117318e+01 6.248908115862176516e+01 7.997512745814265145e+01 8.673452607542505177e+01 9.527593647875569616e+01 1.069926178514930086e+02 1.113836446516925207e+02 1.030771581178685921e+02 1.030771581178146334e+02 1.051767126019340566e+02 8.536244322053399003e+01 7.130804760914791984e+01 7.572273665612212312e+01 5.581444025552119115e+01 4.825199059934927703e+01
2.352828262072655108e-02 2.002352828262037221e+01 3.096009135289236269e+01 3.728464667330818116e+01 4.556891812680868270e+01 5.451319041561822587e+01 6.759833299521946515e+01 7.547104351478945716e+01 6.429681141100142838e+01 4.426074817896794400e+01 4.426074817896794400e+01 5.012917523134812114e+01 5.832931155220403241e+01 5.842726014873767326e+01 5.013705316766152720e+01 3.561771834221221411e+01 4.991466878964406817e+01 6.996580351591076408e+01 5.404115326942200426e+01 5.668906486956494462e+01 7.082176811646148451e+01 9.080200440308439624e+01 9.099984717897545750e+01 8.262980700405117318e+01 7.413399130368189560e+01 8.831120125690975442e+01 1.085373635261087060e+02 1.102792493726973788e+02 1.019684585248121209e+02 1.045756858990047959e+02 1.128842571186933981e+02 1.051767126019340566e+02 8.536244322053399003e+01 8.975976552371440675e+01 6.990848987923178015e+01 7.572279914291247849e+01 5.812956849630682399e+01
6.786455232800275850e-02 5.413089390576467430e+00 1.096009135282870872e+01 1.728464667316535497e+01 2.622891858316435432e+01 4.037105420689403701e+01 6.037105420325874405e+01 5.553955454137291525e+01 5.553955454137291525e+01 5.012917523122108321e+01 2.998907842983782146e+01 5.012917523134768771e+01 3.707569340720445439e+01 4.451539345871601938e+01 2.994873215116203724e+01 4.985757825986779324e+01 5.264207918269197251e+01 5.550507722994332482e+01 4.403141907720186055e+01 6.403435982187845354e+01 7.596009119922173625e+01 8.424402569782995442e+01 9.423726997521622195e+01 1.026355632233291573e+02 9.423530705539461394e+01 1.026355632233291573e+02 1.057767081910684226e+02 9.746163848450841272e+01 8.184052683295600161e+01 8.445412217994973503e+01 1.045756858990047959e+02 1.133393894884366233e+02 1.051767126019340566e+02 9.791727392517886130e+01 8.975982129770500251e+01 7.439093672827742409e+01 7.630759595350600932e+01
3.257643153035955086e-02 2.003257643153000345e+01 3.096009135289236269e+01 3.728464667330818116e+01 4.556891812680868270e+01 5.451319013462257601e+01 6.132605175352524185e+01 5.553955454137291525e+01 3.546598793941488736e+01 4.284391629618285435e+01 2.380481446599300810e+01 4.008682266327437560e+01 2.253707989020204039e+01 2.454074727397601308e+01 2.693068052733811868e+01 2.973172139442365847e+01 3.256549535961498520e+01 3.546409090514023887e+01 5.550507721955476370e+01 4.930739376965563281e+01 5.597688167543800120e+01 6.597210679684238244e+01 8.594807560160109006e+01 9.938269349144398745e+01 9.106287076901929822e+01 9.367213868540034127e+01 9.746163847313870576e+01 7.734872508026253968e+01 7.024332798071614548e+01 8.724999498954957744e+01 9.557110475558381779e+01 1.050292706372754310e+02 9.671588824729684575e+01 1.019378749465343219e+02 1.023981432383029215e+02 9.422920696143793862e+01 8.856156063549433100e+01
1.880098487986705744e-02 1.236785221282837988e+01 2.981255004837996125e+01 5.279021056988504057e+01 5.869656181771048864e+01 5.543455565141283614e+01 4.125543433743856525e+01 5.543456481837667127e+01 4.284391629635749155e+01 2.258908695443786740e+01 1.785725481323526864e+01 1.974844997868855856e+01 3.968912004596274556e+01 4.472757553171941680e+01 4.711678212551841227e+01 3.355443946997875315e+01 5.264203422242319874e+01 5.550507721439386444e+01 4.034734492884491885e+01 6.035849371084108128e+01 7.596009119922173625e+01 8.424402569782995442e+01 9.423726997521622195e+01 8.778416427919665921e+01 7.097221515467309416e+01 7.357812496102778255e+01 8.778414129355074635e+01 8.323966113131140787e+01 6.318331202323880547e+01 6.717393041612530169e+01 8.397800687749560211e+01 9.342773585372066236e+01 7.661143018441596553e+01 8.183769470234904020e+01 9.604277365667745414e+01 9.773481122467792659e+01 8.626041879115786060e+01
2.900726248362994752e-02 2.002900720798151823e+01 3.478472466982773170e+01 3.833273003363186859e+01 3.858275125546660433e+01 3.858275130122140695e+01 2.694119887969078420e+01 4.159915549445481986e+01 3.326227735472163261e+01 1.533588709179728582e+01 3.569082089173124928e+01 4.008682266327433297e+01 3.419553755070413814e+01 5.424505538694933193e+01 5.835375464162765269e+01 3.832326889100797729e+01 5.835472036633222359e+01 6.520851806467884160e+01 4.521135532238677257e+01 5.301192755266124124e+01 6.714809170106718739e+01 8.712832023242663126e+01 9.106287076901929822e+01 7.097221515467309416e+01 5.942923666087676793e+01 5.942923666087676793e+01 7.775918347971271771e+01 7.764299068636502454e+01 6.933068659643535625e+01 5.564695654022618498e+01 7.565907370381476937e+01 8.245639329554947494e+01 6.503907390179968218e+01 6.764752155262547717e+01 8.772490148512997621e+01 8.950695594319086013e+01 6.962840378654321682e+01
5.081304048347550645e-02 8.288022487921393733e+00 1.798744351797027008e+01 3.550356736589182560e+01 3.675280986790003368e+01 1.831296919062019413e+01 1.781467402328107497e+01 3.122067688410144726e+01 1.292685257276795774e+01 1.565728550558258192e+01 3.600519769789072910e+01 4.830041387795530738e+01 5.432894553083302469e+01 6.259691915461286982e+01 6.352005860280404193e+01 4.351478963542044909e+01 6.352005860280404193e+01 7.036969604065461681e+01 5.038053971616548665e+01 7.036969604065461681e+01 7.300016514824552871e+01 9.298527698955510346e+01 9.938269349144398745e+01 8.362513186116623842e+01 6.357335009774536161e+01 4.943295767174764421e+01 6.258183343362487960e+01 6.355369899631377706e+01 4.931861452924634648e+01 6.933068657904186693e+01 7.658835988589365229e+01 6.240345602128314084e+01 5.610326412906079696e+01 7.613322073136095014e+01 9.604274580339493639e+01 8.796944908964813692e+01 6.809068736728320914e+01
4.469920835086939326e-02 1.265585988012661822e+01 2.215211922496984798e+01 3.112862972165189035e+01 2.649652828563478124e+01 8.179903087824776264e+00 9.532657951504191374e+00 1.091209251170340266e+01 3.069270087094074029e+01 3.598740285328701560e+01 1.967626425575662097e+01 3.999001584699654188e+01 4.416457081350675651e+01 6.421552245456531693e+01 6.929100181160903560e+01 4.929986812111930305e+01 6.929100181160903560e+01 7.865173400272887250e+01 6.192584723436788607e+01 6.038024987782063135e+01 7.450800997812014259e+01 9.448502497721145232e+01 9.170466087244884079e+01 8.329758387424985244e+01 7.775918347971271771e+01 6.258183343362487960e+01 4.253169221457128657e+01 4.350991301636405240e+01 6.355369899631377706e+01 7.025195259803133752e+01 6.194413117186484641e+01 4.825108800833265832e+01 6.240345602128314084e+01 8.245639329554947494e+01 9.041499545785104885e+01 9.619773385537672539e+01 8.060929402764107010e+01
2.324776005098762310e-02 1.303616612519201468e+00 2.586617881759570192e+00 2.278232049449387375e+01 6.293421356018829016e+00 2.653450653031949003e+01 2.982062098294418817e+01 1.768347899321073413e+01 3.797850816290665676e+01 4.813843630150768860e+01 3.999001584701209566e+01 2.392766478873990366e+01 3.828578324802557376e+01 5.835721948441388207e+01 7.595150110279695355e+01 5.597000322923337023e+01 7.595150110279695355e+01 9.019088897201163491e+01 8.190420801575727694e+01 7.037206013900701862e+01 8.864474049318134519e+01 9.815020317135362404e+01 8.329758387424985244e+01 6.308446352223987930e+01 6.900474940440385296e+01 5.809848556231901284e+01 3.802759142779157031e+01 5.405016506048710312e+01 6.236033786609485219e+01 5.615634347769329793e+01 4.189464649011382136e+01 6.194413117186484641e+01 7.658836065939362925e+01 7.422814746540655051e+01 7.059023639510945713e+01 9.041499545785104885e+01 8.883908641416776675e+01
8.699724428260374731e-02 2.008699724428224798e+01 2.223626285859745977e+01 4.420044272467777979e+00 1.223855266152600407e+01 3.248942353105037029e+01 4.609713462685780172e+01 2.682937167728307770e+01 4.634003149706782665e+01 5.730641580380471822e+01 3.724797226413885909e+01 2.710509001374352778e+01 4.727719404108407986e+01 6.050788776675927494e+01 7.051523239315856983e+01 7.595150110279695355e+01 6.861089755978851201e+01 8.858291233020534605e+01 9.863840122314381631e+01 9.034622426797018591e+01 9.863840122314381631e+01 8.974165751448023798e+01 6.942961509465111192e+01 5.786809218478875039e+01 4.890374755811031093e+01 4.350621015287087801e+01 3.846321863126972573e+01 3.397167446340555585e+01 5.069523555827592531e+01 3.609095174407560336e+01 5.615634347769329793e+01 5.868397187703551765e+01 6.304339058605108903e+01 5.485558028005735309e+01 7.422814746540655051e+01 8.425523668464744276e+01 9.419751852972846962e+01
2.249585233037712170e-02 2.002249560553227070e+01 3.271878802676786790e+01 2.463748618585388428e+01 3.281055232109837760e+01 2.703846622018446766e+01 4.755096231769895354e+01 3.855821789798000765e+01 5.530527942957909460e+01 5.730641580380472533e+01 5.556825703127423566e+01 4.140663656314873009e+01 3.213188081072149771e+01 4.221018740516777967e+01 5.637974815911208992e+01 7.637619054627357684e+01 8.858291233020534605e+01 8.858291233020533184e+01 1.085543170964262742e+02 9.652603313252032535e+01 8.822414105519042948e+01 9.652603313252032535e+01 8.642507218792303547e+01 7.739456219734437070e+01 6.455302496064039985e+01 6.355324639302464362e+01 5.003545124281542655e+01 5.069523555827665717e+01 3.063126051102874214e+01 4.964733926223593841e+01 5.280703718860684859e+01 3.964052696844333923e+01 4.404112498087166472e+01 4.993805620198825324e+01 5.651371588973182014e+01 6.607649887722944015e+01 8.590408976307156763e+01
2.739267172789772165e-03 2.000273926717243356e+01 3.140378244029412969e+01 3.807044910696055950e+01 4.635472035441773642e+01 4.756302999617518878e+01 5.591009652666788554e+01 5.862781947628226931e+01 6.685904282455516068e+01 7.730566505702829261e+01 6.972988141779057969e+01 6.050788776675927494e+01 4.115159739766483682e+01 3.836943328397683217e+01 5.840715376006568960e+01 7.375980841150833101e+01 8.270042573572440858e+01 9.423515468396635697e+01 9.652640046627907111e+01 8.650727337189395882e+01 6.818870126924882413e+01 8.436512338567041525e+01 7.606723510639652375e+01 8.181933158453256283e+01 8.715918144328460926e+01 7.829053870032662132e+01 6.995858158227387946e+01 5.189609752061981851e+01 2.865695656669500480e+01 4.121546842914592190e+01 3.357301019034221667e+01 5.280703718860684859e+01 6.304339058605108903e+01 6.910428397892009400e+01 7.599029432015052521e+01 8.425523668464744276e+01 9.419751852972846962e+01
8.327778614586213435e-02 5.630279748398177020e+00 1.140378244029448496e+01 1.807044910696127005e+01 2.807044910696109241e+01 4.221258473069154604e+01 6.221258473069083550e+01 6.255591118571875597e+01 6.474265748168305379e+01 7.303181201986822657e+01 7.750670142554257325e+01 5.751143948938054962e+01 6.118063841991195773e+01 4.995171987124935953e+01 4.547004541640561115e+01 5.442771130324145901e+01 6.598095443946336047e+01 8.596300217350389516e+01 8.822415354490625816e+01 6.818870126927301101e+01 5.821840918665041897e+01 6.968350447032447903e+01 5.606124222983753214e+01 6.315596422236539098e+01 7.325762528478784930e+01 8.156971786308416483e+01 7.129230022824862090e+01 4.863665227748681019e+01 2.671168336498605456e+01 3.969304282143156115e+01 2.948135289267499815e+01 5.360176028336920240e+01 6.769572298231517493e+01 5.953954181077135388e+01 6.780238358009071931e+01 7.863598179130754318e+01 8.798344622444463425e+01
6.510866554257997707e-02 2.006510866554222616e+01 3.140378244029412969e+01 3.807044910696055950e+01 4.635472035441773642e+01 5.635472035439897809e+01 5.670912934422244689e+01 4.257456331160030771e+01 4.476009630982548515e+01 6.267324790095423026e+01 7.096137810548057701e+01 7.750670142554257325e+01 7.823325674184329159e+01 6.995749125220864073e+01 5.703185078720884604e+01 5.703185078720884604e+01 6.858281798812794250e+01 8.856139636458593145e+01 9.652616437389855264e+01 8.650590690167379648e+01 6.968350447032447903e+01 4.967282643032888956e+01 4.445232828629728772e+01 5.837710076274996851e+01 5.312386985059234235e+01 6.995674904118946813e+01 6.332258583680425801e+01 4.377197268046830914e+01 4.409289089422051688e+01 2.402469217708113902e+01 4.409377174732254900e+01 5.920202961533261998e+01 5.271627821611067333e+01 3.973811439497926301e+01 5.812839888120929999e+01 6.080956558662592215e+01 7.911761948098987318e+01
8.953482861371392376e-02 1.423189991705665669e+01 3.424390887938068317e+01 3.884913847930508979e+01 4.713645898491962782e+01 4.664460601721734889e+01 4.842696460668221192e+01 2.844954240804104728e+01 4.635803714643074613e+01 4.269127720367877288e+01 5.870034140655290855e+01 6.698557435007356275e+01 7.592531580983933281e+01 8.530039206005481844e+01 7.702675876091188911e+01 7.702675876091188911e+01 8.530039206005481844e+01 9.683381211712080017e+01 8.983948511777651902e+01 7.825385869500816227e+01 6.994518950399019275e+01 6.968350447032447903e+01 5.837710076274996851e+01 3.822647880579523871e+01 4.144097742482201596e+01 6.093926908339005877e+01 6.215704691806583071e+01 4.324317991271018968e+01 3.221664139777030300e+01 2.234577353567387803e+01 4.240122240406294196e+01 4.426834209020201172e+01 3.298495857149316635e+01 5.268863896612265307e+01 4.776945195603931893e+01 5.544045098162365548e+01 6.621074084693469786e+01
