LEM/with_lateral_4open/elevation_000419.asc
nrows	100
cellsize	150.0
xllcorner	0
ncols	100
yllcorner	0
NODATA_value	-9999
[rows 17 to 33 of 100, columns 37 to 73 of 100]
5.376948059730136009e+01 3.448670176234173823e+01 2.898186314661069929e+01 2.380701600016556441e+01 3.992333213468150177e+01 4.373924350607867240e+01 2.423645242942433953e+01 1.271976990643586802e+01 3.245372767001976655e+01 1.858310806241446045e+01 3.845605771839041154e+01 4.394566753677822391e+01 2.789259042186331783e+01 3.391207561478664445e+01 4.054109593518877119e+01 4.801005038400101199e+01 5.932153358829000211e+01 7.884386730158922774e+01 9.151400572884998041e+01 8.322604107683172003e+01 8.428281954640792151e+01 9.257052154653753462e+01 9.033874419976356762e+01 7.049355259117082539e+01 5.647188796717054515e+01 4.653940654004637878e+01 6.195048145364670944e+01 5.917361628134032259e+01 5.648080192410926514e+01 5.386886486975291177e+01 3.549919912375116837e+01 5.518438615863804841e+01 7.491083056142556984e+01 7.063799780969763731e+01 5.523883086924880104e+01 3.530352264534628404e+01 4.991089563542166019e+01
5.973682237262325856e+01 4.744872420694197501e+01 2.796341409633772912e+01 4.338575618651172761e+01 5.144345859550566047e+01 5.172684392762496941e+01 3.358216813060270312e+01 1.344624052243215040e+01 1.543928237209925669e+01 3.533667890669981659e+01 4.657660690808239679e+01 5.580460656547255383e+01 4.768678614282335104e+01 3.225256682777118300e+01 5.199492072752293126e+01 6.462656209534279128e+01 7.569371417394130219e+01 7.421405314050532809e+01 8.110774446060113974e+01 8.925347836935220869e+01 9.905117197876138846e+01 9.882153982790546820e+01 8.735745171472275672e+01 7.134946969393187999e+01 5.150751613200954893e+01 6.638898130327591218e+01 7.461408807186714398e+01 7.805998853355488620e+01 5.822240627139807856e+01 4.677081241562594727e+01 3.797228360192897156e+01 4.935203981321075162e+01 6.918835206813400873e+01 6.233902253364056634e+01 4.225664783917816436e+01 4.185142783194084615e+01 6.193253238790277493e+01
5.167556940544170629e+01 3.230573133246155493e+01 4.744872420694314741e+01 5.550411313390017654e+01 6.680773365231385696e+01 4.854979802573868142e+01 2.836720301862606064e+01 1.422752898995704562e+01 3.416856130392640267e+01 2.210520092880563325e+01 3.617803444003342150e+01 5.590237591846149456e+01 6.011708301987180647e+01 5.199492072752293126e+01 3.682824136092304457e+01 5.651029270539255833e+01 6.548768611516912586e+01 5.470102818169874581e+01 6.160942509057766614e+01 7.133910961395623929e+01 9.087641792002438024e+01 9.057927735813356662e+01 7.074037358430209110e+01 5.930077432611284394e+01 5.633094213519471083e+01 7.615831363340595317e+01 9.188584007531019893e+01 8.629223503922528948e+01 7.483278167456043661e+01 6.051108474012355742e+01 4.069195766881490783e+01 6.051108474012355742e+01 7.741578723749933033e+01 6.791659895100202959e+01 4.780636118538676982e+01 5.082630741875966862e+01 6.193253238790277493e+01
3.702364064402209465e+01 4.164146910039306704e+01 5.848919405840624819e+01 6.915410559703772719e+01 5.906795877257801664e+01 4.041651422919264292e+01 3.495892177047769422e+01 1.501098710564911798e+01 3.495265727319717541e+01 2.726480289807368607e+01 4.706369495406797654e+01 5.511002526165965776e+01 7.470518050107331476e+01 6.462382675144610289e+01 4.823879871607460501e+01 4.187613607702102314e+01 4.591766207001698774e+01 5.247534589657406912e+01 7.199385622446669686e+01 8.925347836935220869e+01 9.905117197876138846e+01 9.315986764149275245e+01 7.331196476315032839e+01 6.920858940997477760e+01 7.615831363340595317e+01 6.383001843184936774e+01 8.364929670012649865e+01 8.370027633957849389e+01 6.386662641683092545e+01 5.240765121896399847e+01 4.352816095398205931e+01 5.499054239564241442e+01 7.483039844195833723e+01 7.396920549746963047e+01 5.389498057918745388e+01 7.091765713129090898e+01 6.724409613598028557e+01
4.811283639563735193e+01 5.979560476203185004e+01 6.836736841535538645e+01 6.118233242497168334e+01 4.227107758710257457e+01 4.386611182456873337e+01 2.470322906127952933e+01 1.579586229176658918e+01 3.578305075071433095e+01 4.706369495406789838e+01 3.540045303300853163e+01 5.511002526165976434e+01 7.370679096080229442e+01 7.592398847627643477e+01 6.780842058719780141e+01 4.992885492390846025e+01 5.723983850395962492e+01 7.199385622446669686e+01 6.374825644179148298e+01 7.498528600818559653e+01 9.455768458275436217e+01 1.014029386662953698e+02 9.315986764149275245e+01 8.064198213961350348e+01 8.962766001405542227e+01 6.979967204132776715e+01 8.962766001405542227e+01 9.193642904224316226e+01 8.047697914200040259e+01 6.655523676689563217e+01 4.669998659126915896e+01 6.655523676689563217e+01 8.305997628915390862e+01 8.225423507560131497e+01 7.396920549746963047e+01 6.465614389465025624e+01 8.466368728653149844e+01
6.735813697663978417e+01 7.551638072891205411e+01 7.468671219560521024e+01 5.558863517253845288e+01 5.107391975629182213e+01 3.198665331712862070e+01 3.655348676419657039e+01 1.658455752718458598e+01 3.070465840654546241e+01 5.068759888581430317e+01 5.511002526165976434e+01 4.598150006354016028e+01 5.732556556408803061e+01 7.688557453072772319e+01 7.759313537501293467e+01 5.971613436580821599e+01 7.675445547862415197e+01 8.489232087267073723e+01 8.325755499704038698e+01 9.141295219481182244e+01 1.027463653965386357e+02 1.053281488096262990e+02 1.087642700807261207e+02 1.005165725766534450e+02 9.664784633701960104e+01 7.679176092037508283e+01 9.664784633701960104e+01 9.347705966219974982e+01 8.420278160598238060e+01 6.437002589741993575e+01 5.033125419398713518e+01 5.817242405057053389e+01 6.962067156115575983e+01 8.946145157378899171e+01 9.294727907479901319e+01 7.621475394092082922e+01 9.294727907479901319e+01
8.136525902626986806e+01 8.084648108138222256e+01 8.271957602153688072e+01 7.468671219560521024e+01 5.899446763531825155e+01 4.355470192929495710e+01 2.314407475425538863e+01 1.737535034048665494e+01 3.734647491454394697e+01 5.368385610265896446e+01 6.205081920852977362e+01 6.559259808848676698e+01 7.370679096092541727e+01 8.500816475704750985e+01 8.737039188540657619e+01 7.922592234483455798e+01 8.737039188540657619e+01 9.844938035067497140e+01 9.129056505859405490e+01 8.286310864118733832e+01 9.129056505859405490e+01 8.493791970582084616e+01 9.933474036672262741e+01 1.129117378665036142e+02 9.299262012689901269e+01 9.081450721079426103e+01 9.928707919433617235e+01 7.942016536685737549e+01 6.541834080826218667e+01 5.880753890194444722e+01 5.530699267638722461e+01 7.513620984765982769e+01 7.800637189256302406e+01 9.770183583331660770e+01 1.044910138388338794e+02 9.620514487151702099e+01 9.539105347597021023e+01
7.495884317409306163e+01 6.067019212932438421e+01 6.808264596432313454e+01 6.475660130452159535e+01 5.631409781881084342e+01 4.746950198622962347e+01 3.571872283225284406e+01 1.817470142333576888e+01 3.806240143466181536e+01 3.369315115327126620e+01 5.368931123926622462e+01 6.389077694401228058e+01 6.389077699283961920e+01 7.227943106756433167e+01 9.074288982432246087e+01 8.232891763517869776e+01 7.811887370478247306e+01 7.811887370478248727e+01 8.114797174702357552e+01 6.260297902087866362e+01 8.114797174702357552e+01 7.055122325846457443e+01 8.915823029989840620e+01 1.009102502570970188e+02 1.129117378665036142e+02 1.107307727694746262e+02 9.928707919433617235e+01 7.942016536685737549e+01 8.523904970567710393e+01 7.863214673987215519e+01 6.158734541924224715e+01 6.932676335683099467e+01 8.916145435569944766e+01 1.061100496279349272e+02 1.007326521010078011e+02 9.245688109145443434e+01 8.711821946219212975e+01
6.657969034420285936e+01 4.655310907575093893e+01 4.804327118257864981e+01 5.623313429784871431e+01 3.617804899149815157e+01 4.006968318856534239e+01 2.010321487519856731e+01 3.814615208329010443e+01 1.957642608425806330e+01 3.954602708540059552e+01 5.831158075779133299e+01 4.434489117868398722e+01 4.434489117873226149e+01 6.389077699283961920e+01 8.232891763517869776e+01 6.211170615034347264e+01 5.794750689035581814e+01 7.642729798733300584e+01 7.273304383102890824e+01 5.265240112661262373e+01 7.119429093032913158e+01 6.050097593281828523e+01 7.212379791495584413e+01 9.248783190585187697e+01 9.856006535012254233e+01 1.045215069659498539e+02 1.075339539575420957e+02 9.928707919433617235e+01 9.285703577351564775e+01 7.301672139952937357e+01 7.301672139952937357e+01 8.916145435569944766e+01 9.740165873692484411e+01 1.065916243896465687e+02 8.660207871668110613e+01 7.246577093198422403e+01 7.981338818894327858e+01
5.540633880277243861e+01 4.391512686383058650e+01 3.396647899572977281e+01 4.547362379329098303e+01 4.201333522551803412e+01 2.204964922741093858e+01 4.006945356246727385e+01 3.993604589521310544e+01 2.057490703427377099e+01 4.054321109013472579e+01 4.298272312708425602e+01 3.067899935808284440e+01 5.006974858938614403e+01 5.978254723923917879e+01 6.812871224662461600e+01 6.803319029756906389e+01 4.802743682334615016e+01 5.950270835369296663e+01 5.961302953198968169e+01 4.566594059566430985e+01 5.114444616515020670e+01 7.119429093019392951e+01 8.712479117049798560e+01 7.869163634153117926e+01 7.814448933324175073e+01 8.412407310675858696e+01 9.935958209858966939e+01 1.111315258372190442e+02 1.011017822539710380e+02 8.445078389117924189e+01 9.285703577351564775e+01 1.011017822539710380e+02 1.017049158048669142e+02 1.036443134866882474e+02 9.394912564593964532e+01 7.395818065370448835e+01 5.982217763689090617e+01
6.532648935022587011e+01 5.677206779222382949e+01 4.577194669310477337e+01 2.581495588130457719e+01 2.403392941858732357e+01 4.196767935023682838e+01 5.029750476750061949e+01 4.855063823394748823e+01 3.466068577219434843e+01 2.199746877115591914e+01 2.301757959091655437e+01 2.404163999424187637e+01 4.400599803166909396e+01 3.971596169368032747e+01 5.973024394411740445e+01 5.824212817856967206e+01 5.196883860500123120e+01 3.957503469488948156e+01 3.968404794618488296e+01 5.961302953198968169e+01 7.119429093032910316e+01 6.816009604615335604e+01 7.176011923977264928e+01 5.848296495270716377e+01 6.379775595479280526e+01 7.051320027727038564e+01 8.229627039682574718e+01 1.027227334828028233e+02 1.125892718658808889e+02 1.043401893953977435e+02 1.014496581378794104e+02 9.389884218535694060e+01 8.172863226962294902e+01 8.385816976209358131e+01 9.782575392629779287e+01 8.809131853983879523e+01 7.349161263669617483e+01
4.531425601409789294e+01 4.844915607843056904e+01 2.849895732044468488e+01 2.738955740290539609e+01 4.399446818051468000e+01 3.814027414644681357e+01 5.813440075559534392e+01 6.236064916982411432e+01 4.824975341401049178e+01 2.831784103244138606e+01 4.298274525616136543e+01 4.400599803167231272e+01 2.551333060386586027e+01 4.547564384155380424e+01 4.805468949528455624e+01 4.276439393141719592e+01 3.200807585823871193e+01 3.403963043676617417e+01 5.397626151645612680e+01 6.045211794121573234e+01 6.324189431352125013e+01 4.818226616733518597e+01 5.171603839698563121e+01 5.740178421984101220e+01 7.758712528981126866e+01 9.092950952150896171e+01 8.718514300487220225e+01 1.075900299305761223e+02 1.129797712429456169e+02 9.300902952795510714e+01 8.147207693188580890e+01 7.391702562059744253e+01 6.759546185682543751e+01 6.974908228364066076e+01 8.498864725486622262e+01 9.331905684656592825e+01 9.348140899217843014e+01
5.117569792093021874e+01 3.123276073941650210e+01 4.844913154577560732e+01 2.977942971430666574e+01 4.972944663921691699e+01 5.813769522906573428e+01 6.651153008805326294e+01 5.307179696313414752e+01 3.897384661642873027e+01 4.828104846467661559e+01 5.397842357096735100e+01 3.402778713711104075e+01 4.447347127244819376e+01 2.702254880857730157e+01 2.809756961629449634e+01 2.917900476041328162e+01 4.909761963005269081e+01 5.396923502584100873e+01 3.781765584383452961e+01 4.053335957212661356e+01 4.331890742555629714e+01 4.901864202181471342e+01 6.901408009516677566e+01 7.758712528999376445e+01 6.682636418953907764e+01 8.120515083417784297e+01 1.016169711411131971e+02 1.159901751774341392e+02 1.212612404661310990e+02 1.097273236487963004e+02 1.014496581378794104e+02 9.389884218535694060e+01 7.974245992412211592e+01 5.975451319399492434e+01 6.497545301585829236e+01 7.941952592278165923e+01 8.770104705942590329e+01
3.405977735095473236e+01 5.117569825482249257e+01 5.214798945181446044e+01 3.220401585608195205e+01 4.664794069819570410e+01 6.740173688897462512e+01 8.161500600468114897e+01 6.734344130293884234e+01 5.047146738217662687e+01 6.467232287612954167e+01 4.466586921184120484e+01 4.810514833914444210e+01 5.492214545542331194e+01 3.853829637424540522e+01 4.219566339277850631e+01 4.913906994060297961e+01 3.101249000853619009e+01 5.096818681567069120e+01 5.774151891238977896e+01 6.045211813649483190e+01 5.320111483727536239e+01 6.901407999858916753e+01 5.834158459039054634e+01 7.853187361962605451e+01 8.718363458571792535e+01 7.967974562405319716e+01 9.412859116081833122e+01 1.145026700354892597e+02 1.132216756612360058e+02 9.833798010727382177e+01 8.967538523211230483e+01 9.126099017938187785e+01 8.802163840458564437e+01 7.342280748765493570e+01 5.343331375901154701e+01 5.943026273565756412e+01 7.615954768824171595e+01
5.399495884663198808e+01 6.233255992126118628e+01 5.464853100006507702e+01 3.470230650930851368e+01 4.811447546464893321e+01 6.630371202273715880e+01 8.339860891435733947e+01 7.898338149897369931e+01 7.057637478533942499e+01 6.096907929277668359e+01 5.876704285728506250e+01 6.813668904158964779e+01 6.687998564286505143e+01 5.851603218391269223e+01 6.219962977928341274e+01 5.226699895073130619e+01 3.231441386131682947e+01 5.226339012378173976e+01 5.510120485905378729e+01 7.519969522460797862e+01 7.328267369873691450e+01 7.328267367213616978e+01 7.256827748995415561e+01 7.104955922769612187e+01 8.543506508514522579e+01 1.000960207027798390e+02 1.085094873953115098e+02 1.063196230866120828e+02 9.806109605495861103e+01 8.345428455331160933e+01 6.840295063578119539e+01 6.999196223665313710e+01 8.123467425342566628e+01 8.170385744661099636e+01 6.787871944079326170e+01 4.788865928703979336e+01 5.788403900009394221e+01
6.666672341808907731e+01 7.145453536137863182e+01 5.134727557782548502e+01 3.728042819405170150e+01 5.616813049612814268e+01 5.515627674400980140e+01 6.912849660449084865e+01 8.918763675607722519e+01 8.956363042960678911e+01 8.114986721528541125e+01 7.892892998723444009e+01 8.098401231596373862e+01 7.249768512289234934e+01 6.556105732707416678e+01 5.471301408069766836e+01 3.476636433981154539e+01 5.226699895073130619e+01 3.515612984413483133e+01 5.510197131807503723e+01 5.801057345967597456e+01 7.814294654595785516e+01 9.359817579216043271e+01 9.292926827639556109e+01 9.140713509689815908e+01 9.983145684455330127e+01 1.142278486039615188e+02 1.063385941807586477e+02 9.504973799654617039e+01 7.868664448393663235e+01 9.084214021519636617e+01 7.622151629183824184e+01 5.538591507347594955e+01 6.025459746120167637e+01 7.509572357795481423e+01 6.454704274850061552e+01 4.455432993617686321e+01 6.454704274850060131e+01
7.426650867519509802e+01 7.321480493208898110e+01 5.345890450011839334e+01 5.723655567856511794e+01 4.118664004460560335e+01 5.005510830200744721e+01 6.422541683846361593e+01 8.455423823365484282e+01 1.001498087767838712e+02 9.173639430546901963e+01 8.715914781174390669e+01 6.654203253328232393e+01 5.237268145945095199e+01 5.720541219221983198e+01 3.726443463919977006e+01 4.884284447863696244e+01 6.306044112694938519e+01 5.510197098644879077e+01 3.807020226369287741e+01 5.213138593791298092e+01 7.220418810302433599e+01 8.513829137556685112e+01 9.356592747833724388e+01 1.017609894987770929e+02 1.017609894987770929e+02 1.101768768803102887e+02 9.806504941693120259e+01 7.868665674977586377e+01 6.785188347296356426e+01 7.175379320946105111e+01 7.363764780514691211e+01 6.621159370957063572e+01 4.594674949407315268e+01 6.181536672175285929e+01 5.909405034365053666e+01 4.134742381394877242e+01 5.289671521132401466e+01
