LEM/with_lateral_4open/elevation_000137.asc
nrows	100
cellsize	150.0
xllcorner	0
ncols	100
yllcorner	0
NODATA_value	-9999
[rows 34 to 50 of 100, columns 0 to 36 of 100]
2.064481644892168788e-02 3.612750856984427550e+00 1.775489829842208422e+01 3.734102364068450441e+01 5.148383104848693392e+01 5.656403257545252217e+01 5.656403257545252217e+01 6.510673835731265058e+01 5.827638109542897382e+01 4.977964840750102127e+01 3.449737943634411153e+01 3.301346054780096750e+01 4.730158017508011170e+01 6.774209035748229724e+01 8.173268030755420455e+01 7.015733303205288962e+01 5.364218287368053240e+01 3.348678473297989200e+01 5.364216398051106438e+01 5.291849561720461992e+01 7.300330163590922439e+01 8.420458714396292521e+01 6.816032688102599479e+01 8.228849887746405045e+01 9.121985796668327851e+01 7.623864773050158306e+01 9.411272275048581548e+01 8.838759694674462253e+01 6.843110603663735958e+01 8.838759694674462253e+01 1.007962180302894382e+02 8.262564691437276565e+01 1.007962180302894382e+02 1.100070999358315191e+02 1.144691216586410718e+02 9.451709475490321211e+01 8.026881574256627516e+01
2.905961989428186565e-02 2.000945584940222943e+01 3.186100642540696271e+01 4.604026193915908749e+01 5.047771307346072689e+01 3.584868778960886004e+01 3.584868778960886004e+01 5.656403257545252217e+01 4.654762156130304618e+01 2.954690492101703114e+01 2.447041797627026938e+01 3.868551985446238461e+01 5.902622753035775816e+01 7.323126596148975409e+01 7.503014395523375413e+01 6.675308019914407964e+01 5.118669027856968512e+01 3.105141444762628922e+01 3.865509340580874920e+01 5.291849562206351720e+01 7.300330495351030891e+01 7.625641135593097886e+01 5.698461088904507932e+01 5.925886430985785580e+01 7.477646027218193581e+01 6.892022961724070740e+01 8.732451293722894547e+01 8.173543331004225365e+01 6.169840760092666443e+01 8.173543331004225365e+01 9.254818949065385425e+01 7.263708705373649366e+01 8.186012310582161433e+01 1.017421973813595173e+02 1.166437108312928217e+02 9.670143173907639778e+01 9.924103909603115881e+01
3.542675937824442400e-02 2.003542671735489122e+01 3.725574374298913938e+01 4.882485601304227174e+01 4.191607180276480449e+01 2.122087811653735301e+01 4.146002549556661165e+01 3.667124999821836440e+01 3.253090388231187546e+01 1.803148110708363916e+01 3.809826850913488983e+01 5.312037172620103576e+01 5.681204908634369133e+01 5.314470789564919784e+01 6.344789909038596676e+01 4.665942862272785874e+01 4.888270676195439535e+01 2.876514856844369561e+01 4.299123836592154646e+01 6.310596344280709502e+01 7.448638468001719559e+01 6.621132818600554515e+01 5.951746091290551988e+01 4.570014932724336632e+01 6.577538833946492502e+01 6.231204025416925418e+01 8.117840039509110284e+01 7.595124221658362274e+01 5.585200990944404964e+01 7.380127891678071705e+01 7.766682840585119152e+01 6.551600163034765956e+01 8.550855171363174634e+01 9.922277390723675694e+01 1.081114168274291956e+02 1.166437108312928217e+02 1.074958296214524012e+02
3.411803931810562102e-02 8.978390557060349053e+00 2.052545647223985270e+01 4.053041851441336263e+01 3.528119943929796420e+01 1.467680694538519326e+01 2.827625837746283111e+01 1.611266643477227234e+01 1.254978476693668021e+01 3.253090388231187546e+01 4.629122168845507446e+01 4.579033863145433969e+01 3.672414478020910877e+01 3.892518253056377375e+01 5.515200563254312272e+01 3.504629110404007974e+01 4.354396327463407346e+01 2.653736850713294970e+01 4.074871172532073160e+01 6.085862494715460969e+01 6.290757938038016306e+01 4.612421986475262514e+01 3.997494344939532596e+01 5.944733172007349253e+01 5.372527294191525726e+01 7.312346449845570362e+01 7.498631395103636521e+01 6.670380456766223176e+01 5.044080429218066541e+01 5.368124483112126910e+01 5.758102870053711797e+01 6.342794762972926037e+01 7.105077877804046693e+01 8.000305989169073939e+01 9.403882869861648430e+01 1.138942244776301322e+02 1.171978491001763132e+02
3.327314952832965272e-02 2.003327031535835445e+01 3.114938956066522380e+01 2.334867109867378687e+01 2.410914961524022715e+01 2.200578061417903086e+01 6.361489885368034614e+00 7.329356303067858569e+00 2.736115341501724885e+01 2.980105402370664081e+01 3.079405455344027942e+01 2.598578970891940543e+01 2.254364603650265408e+01 4.261410551921085954e+01 4.891364502626932165e+01 4.060507781401202010e+01 2.346291263422434881e+01 4.354396600342512613e+01 5.494769393926549128e+01 5.801990598739189409e+01 4.972513859081842469e+01 3.457838759310046584e+01 5.457573852785578339e+01 5.462699546661356464e+01 6.292726180372697797e+01 7.125290772899028013e+01 6.296198229424243920e+01 4.655346887653966803e+01 6.670380456766223176e+01 7.380127891678071705e+01 6.321836194695638511e+01 8.323735108833753316e+01 7.761915541871825042e+01 9.751097129720041323e+01 1.081114168274291956e+02 1.158399424655278693e+02 1.089651635198398623e+02
6.779948344387334846e-02 1.909283611307252215e+01 2.179896127923970894e+01 3.154650269427464515e+00 4.083126960312727149e+00 5.014619825977975509e+00 2.098489452542925093e+01 2.691430529094520452e+01 8.756082396171944282e+00 9.768783957772944504e+00 1.080430189357466375e+01 1.184407094014275508e+01 3.187998247369856131e+01 4.168341923920469583e+01 3.772949999565158663e+01 2.054016939236173656e+01 4.060505638760795932e+01 4.218997593364083798e+01 4.364116982332510020e+01 4.510295080753373753e+01 2.969162854397067974e+01 4.972513859081842469e+01 4.851226024304914120e+01 3.452140296246162876e+01 5.462699546661356464e+01 5.960375505363139581e+01 4.281263191372306665e+01 4.889487361107045871e+01 6.316873303106900295e+01 8.319544784249683289e+01 7.083768872655021198e+01 9.077163225806447144e+01 9.751097129720041323e+01 1.057678275849956862e+02 1.101141438820822316e+02 9.621114129528810111e+01 1.101141438820822316e+02
9.516927588586144779e-03 9.271798630708336653e-01 1.845810287420085238e+00 1.338408533003537038e+01 2.408386287211518351e+01 2.504170044111081239e+01 1.207152791868985098e+01 3.166272409243374142e+01 1.991797461118565948e+01 1.488096322409888472e+01 3.083835723690839004e+01 3.187998247369868210e+01 1.333946841244744341e+01 3.337771104882349960e+01 1.767799490300226850e+01 3.772949999547476096e+01 4.008768376668970035e+01 2.215531716503502579e+01 2.360507363439340267e+01 2.506493866494115608e+01 4.510414984393310789e+01 4.925998654260175869e+01 3.183220393017369787e+01 5.192037995083130397e+01 3.726684466481292191e+01 3.946506327568999239e+01 5.960182992246342337e+01 6.903403818194230723e+01 5.969938744510187689e+01 7.975382669515371958e+01 9.077181434802763249e+01 8.495579635008688513e+01 1.048129238776624987e+02 1.135738656007484195e+02 1.013591544356927017e+02 8.242843634075472892e+01 9.829790858375464779e+01
1.945935296826603253e-02 2.001935315638051449e+01 2.187039457261987252e+01 2.967725877635776399e+01 3.297459086142798412e+01 3.692292860253326836e+01 1.738345875537173413e+01 3.690970975081856409e+01 3.597563724602774471e+01 2.016278873105343550e+01 4.077575390746233097e+01 4.046556665327203461e+01 2.041592949786153355e+01 1.485920603479159219e+01 3.489910947032325339e+01 3.813305908151998835e+01 2.011389375086971043e+01 4.014853834830551449e+01 4.364109060451269784e+01 4.510403399541791458e+01 2.739806898273239000e+01 2.919400878194348437e+01 4.925998654261326237e+01 6.022401233776509599e+01 5.739029885645219053e+01 4.346697708508563096e+01 4.954280403044509740e+01 6.966915910063707429e+01 7.975382669515371958e+01 7.391385094400972378e+01 9.385277535749554545e+01 1.048129238776624987e+02 1.130603174097141448e+02 1.050238866906440052e+02 8.588157685323990620e+01 7.379550943363386750e+01 7.872247720017618633e+01
5.600688922766024203e-02 1.419813990699644535e+01 3.419743893625012277e+01 4.299810876799186588e+01 5.178333715148146865e+01 4.279934350208274196e+01 2.332210324586503347e+01 4.278776031655928591e+01 4.676272442965463938e+01 2.602325017394618811e+01 4.676272442965463938e+01 3.308567378573916073e+01 4.046417202927250401e+01 2.901961282732164449e+01 1.667999641521188181e+01 1.809646470242946137e+01 3.813305966782874634e+01 4.014854330852441677e+01 5.365324968319426091e+01 3.355531253486073240e+01 4.745091840000070960e+01 3.814035471316668691e+01 5.755924661519566143e+01 7.027743049211666460e+01 5.019244848050024643e+01 5.772636685757233010e+01 6.966915124290187578e+01 6.230358901125568138e+01 8.236565392455464973e+01 9.385277535749554545e+01 1.021130566725987876e+02 9.762671533917900035e+01 1.061257157973429770e+02 9.679562842692173774e+01 7.764722584523954652e+01 6.656027558668637312e+01 6.761437400315514878e+01
8.215197286175310309e-02 7.153219784727150810e+00 1.471250924490752254e+01 2.625951465487645464e+01 4.625958736455967113e+01 4.969488043679231026e+01 3.020476408002119584e+01 4.968145671538514563e+01 5.364125879903064487e+01 3.300565569090254314e+01 5.364125879903064487e+01 4.312435385402977062e+01 5.723589516792995369e+01 4.498484270943504271e+01 3.671845472357573925e+01 2.108794533637197333e+01 4.068802581031498278e+01 6.021808878161882461e+01 5.827027165320536284e+01 3.814527188484465370e+01 5.827015545601369695e+01 5.237442923656421101e+01 5.825590824650748800e+01 7.528655119395497763e+01 5.524704017205590389e+01 7.528656413775851775e+01 8.592710874858515524e+01 7.650673754917009717e+01 9.069179488249044141e+01 9.513910850404219843e+01 9.428051949611804616e+01 7.767141202324550875e+01 9.428051949611804616e+01 9.182258376276330125e+01 8.367972643351349404e+01 7.831327950383889913e+01 5.904517567876575157e+01
2.613274238814250472e-02 2.002613274238778729e+01 3.471257350819766430e+01 4.299810876799186588e+01 5.454454180755924853e+01 5.799489324713043459e+01 4.391898597906399004e+01 4.969624756253324449e+01 6.192757590838589721e+01 4.347324540387625547e+01 6.192757590838589010e+01 5.734173875320459501e+01 7.147148952611685502e+01 6.193939740339936151e+01 4.394408526126933623e+01 2.416032138592825973e+01 3.795009621089833018e+01 5.836981628635142272e+01 6.330479726047069988e+01 4.316669482943987646e+01 6.330479726047069988e+01 7.245561793986749421e+01 7.830327239265977823e+01 8.130453913143814759e+01 6.134517402089446847e+01 7.526686319892735355e+01 9.492246136309373128e+01 9.661608405926696719e+01 9.400756335658124385e+01 7.555050819423604480e+01 7.555050819423604480e+01 6.649582026329048290e+01 8.601365865490336660e+01 8.058172848435110325e+01 6.428822403750132253e+01 7.400893073095350871e+01 5.467770500284618151e+01
7.532853315450405152e-02 1.421746415688557974e+01 3.421746415688628673e+01 4.523506422656540593e+01 5.352012678318413919e+01 6.253723609594941024e+01 6.364626378195615786e+01 6.955027128642889522e+01 7.202058440445672716e+01 6.380927219418511243e+01 7.202058440445672716e+01 7.735953948210836018e+01 6.799293525844980479e+01 4.760720600868879160e+01 3.314132700291917644e+01 2.785648414735928213e+01 4.807019086814430864e+01 6.330503356214806843e+01 7.158773502771423125e+01 5.743013108144814538e+01 5.219304836976535000e+01 6.644188944377043526e+01 8.642357944649634760e+01 8.946338431735830454e+01 7.035087371136451395e+01 7.768298475113768120e+01 9.741860738070437264e+01 9.806062424962476598e+01 8.583432956244976708e+01 6.636982813004581772e+01 5.615249696502654331e+01 7.555050819423604480e+01 8.244736851153176360e+01 7.171079955934509087e+01 5.303761096989730817e+01 6.575461379509742699e+01 5.109549467316366389e+01
6.101047412966256744e-02 2.006101047412930782e+01 2.890496060764964170e+01 2.523485357000508955e+01 3.425024158074059244e+01 4.764620831526859490e+01 5.593338367022560220e+01 6.748866372540759073e+01 7.137054097453096801e+01 6.615221096181662119e+01 6.833984730041876787e+01 7.662267304072376817e+01 6.799293525844980479e+01 4.760720600868879160e+01 5.357804786651080775e+01 3.777247258610905334e+01 3.430667150555174061e+01 5.495195055119795313e+01 7.241693043213444980e+01 7.748749602427851357e+01 6.384139313608254440e+01 6.644188944377043526e+01 8.642357944649634760e+01 9.830244830903022546e+01 8.185721457392121181e+01 9.741860738070437264e+01 9.309800968296976009e+01 8.986606171869597404e+01 7.037716687562769380e+01 5.922181590373664761e+01 5.043528933179437956e+01 6.391640917853430892e+01 6.905041512057307784e+01 5.536114382305768089e+01 4.406597668654278266e+01 4.611324764950570199e+01 4.868578888511368774e+01
6.842009524227352091e-02 4.432777899962140111e+00 8.904913854961757025e+00 1.425013869321029070e+01 2.057469401356286198e+01 2.764576182659185477e+01 3.919277112901737326e+01 5.919451630698092259e+01 5.137500535079328756e+01 4.615263724968576042e+01 4.834041219339289341e+01 6.563892217202686652e+01 7.627158879811311465e+01 6.799293525844980479e+01 5.836790915017960657e+01 5.836790915017959946e+01 4.360258493897760701e+01 4.360258493897760701e+01 5.824341578939218778e+01 7.835437800377282258e+01 7.801277109095531159e+01 8.642357944649634760e+01 9.467270568837157896e+01 1.096479813264162431e+02 1.015165812488328498e+02 8.743988621922437687e+01 7.360090041954694584e+01 8.743988621922437687e+01 8.675890010256124185e+01 7.767355561722681045e+01 5.821801254407520076e+01 4.420890024900512572e+01 5.838548135107335213e+01 4.126979478471186269e+01 6.108702150510706019e+01 6.007072280317167667e+01 6.091353670367175255e+01
1.934550753332892059e-02 2.001934550753297515e+01 2.890496060764964170e+01 3.425024158074059244e+01 4.057491484657041525e+01 4.764620831526859490e+01 5.593338367022560220e+01 5.396708687697002915e+01 3.723295861398144524e+01 3.201050977765967787e+01 3.735573458963024507e+01 5.735555330218761583e+01 7.337056740205797212e+01 8.165323267890946113e+01 7.854955076926582080e+01 7.241692931268559619e+01 5.561329299007059745e+01 5.824341578937892905e+01 5.824341578937892905e+01 7.835437788909023027e+01 9.791295725502027381e+01 9.502092735033075144e+01 8.993223497060421323e+01 9.809363498649851465e+01 9.176903202018162631e+01 7.873196117691362872e+01 5.990303897682577627e+01 7.873196117691362872e+01 8.614740586660248312e+01 7.802051734453193887e+01 7.201021224336008686e+01 5.844694656407263267e+01 3.855886049089762224e+01 5.844694677961235385e+01 6.917855497898312933e+01 7.947674051489724434e+01 7.952944371101305876e+01
4.364784840791047227e-02 2.004364784840755576e+01 3.637557668494603291e+01 4.465976113967217742e+01 4.139625530114253849e+01 4.968032603167427652e+01 4.842289326063983168e+01 4.013890620213777538e+01 2.568595542180177205e+01 4.568586929939127117e+01 5.735555330218761583e+01 4.630000638979261396e+01 5.337107382127772581e+01 6.491806032233262158e+01 8.491690679863044977e+01 8.400972353994939112e+01 7.577298219761213716e+01 7.835437788909023027e+01 7.835437788909023027e+01 8.659044507708030380e+01 8.938340416625123908e+01 7.556569052087422733e+01 7.054946664872011297e+01 8.684877535035168705e+01 8.274984485681552826e+01 6.412374616089481094e+01 5.110772593357322791e+01 7.063175631690592127e+01 7.802051734453193887e+01 5.854033451084150386e+01 6.424594792199826543e+01 5.678180085493838902e+01 3.686348229628907802e+01 5.678180132398417612e+01 6.863207846887966923e+01 7.672610114664396974e+01 7.833611297678049823e+01
5.219006137575642884e-02 2.005219006137497217e+01 1.637619170565113791e+01 2.730964824787569611e+01 2.139697763987038925e+01 3.259651799305902387e+01 3.542488676106859202e+01 2.013897696884376742e+01 2.769824266164081195e+01 4.184037357432093529e+01 6.184025405174173073e+01 6.629967863642467307e+01 7.337056740205797212e+01 8.165323267890946113e+01 9.319879375645342634e+01 8.334537577013159648e+01 7.503165428396216896e+01 7.763168056312667886e+01 8.594793823541469635e+01 9.502092735033075144e+01 7.556569052087422733e+01 6.195618396869170397e+01 5.945558641238587683e+01 7.672834622878092148e+01 7.462939284813467111e+01 5.508829144537342870e+01 4.447494914608373762e+01 6.412374616089481094e+01 6.799000013569747125e+01 6.424594796407568253e+01 4.456934133162025091e+01 5.513138861923323475e+01 3.519035469196650467e+01 4.195427781546284507e+01 4.908160990693927062e+01 5.892804396097897524e+01 7.833611297678049823e+01
