LEM/with_lateral_4open/elevation_000449.asc
nrows	100
cellsize	150.0
xllcorner	0
ncols	100
yllcorner	0
NODATA_value	-9999
[rows 0 to 16 of 100, columns 0 to 36 of 100]
8.271705653423140625e-02 2.127631151761726416e-02 9.425194436011796739e-02 4.939197167322698090e-02 3.975871534419905817e-02 6.171646774684565184e-02 1.696294146011132625e-02 1.936121709489252440e-02 4.216450047424835645e-02 2.297044857093000214e-02 6.704298068806634203e-02 4.162315340452049650e-02 3.835349583220235004e-02 2.777463300387698203e-02 2.207885817162396139e-02 7.161913568127860341e-02 9.025521335945362045e-02 3.502399586135773735e-02 8.040414306008919487e-02 3.131346976591601466e-02 7.604099264847130613e-02 2.387740603804927586e-02 5.687112022313325910e-02 4.074439634684711570e-02 8.709178300582484655e-02 7.612946965408906586e-02 1.077918208624280109e-02 9.929772718869623455e-03 4.600412614040166881e-02 2.152795518990661267e-02 2.378824418737431057e-02 9.511189423522797837e-02 9.406546861214974686e-02 1.749038473908382007e-03 2.223905489293687143e-03 6.269637160239108220e-02 9.476101746191394060e-02
7.813061968023242432e-02 2.002127631151726206e+01 2.009425194435976181e+01 2.004939197167287190e+01 6.706425382010894332e+00 2.006171646774648920e+01 1.415909856519093601e+01 2.001936121709453786e+01 4.212452781615726671e+00 2.002297044857057529e+01 2.006704298068770953e+01 1.158862853719693575e+01 2.003835349583184566e+01 2.101678022464723128e+00 2.002207885817126964e+01 9.015891045680357152e+00 2.009025521335909659e+01 1.417715961959243387e+01 1.422253976679116505e+01 2.003131346976556060e+01 4.076040992648454875e+00 2.002387740603769473e+01 1.419935645101908150e+01 2.004074439634649352e+01 1.275968379561351673e+00 2.007612946965373268e+01 1.415291480581731776e+01 2.000992977271851458e+01 1.004600412614031413e+01 2.002152795518955131e+01 6.054015135742672804e+00 2.009511189420970823e+01 1.423738298931046486e+01 1.999284541400223958e+01 3.653707622190414117e+00 2.006269637160203700e+01 1.423541377618106196e+01
2.526786264046545702e-02 1.416740348637154057e+01 3.416740348637224400e+01 3.377749319387713456e+01 1.377749319387643112e+01 3.377749319387713456e+01 3.415909856519022725e+01 2.261860273245859787e+01 8.476467108727899102e+00 2.847646710872754383e+01 3.987289978462234785e+01 3.158862853719658048e+01 2.418542682507956698e+01 4.186822163035462729e+00 4.186822163590331769e+00 2.901589104568000010e+01 2.534582266423458918e+01 3.417715961959314086e+01 3.422253976679186849e+01 2.815852389728669536e+01 8.158523897287050630e+00 2.815852389728669536e+01 3.420951254908671046e+01 2.246694743915693238e+01 2.466951047912176787e+00 2.246694743915693238e+01 3.415291480581802119e+01 3.833027537359545533e+01 2.418813974987101290e+01 3.237857047661474041e+01 1.237857045607948692e+01 3.237857045176476589e+01 3.427229979798897119e+01 2.735088511317589877e+01 7.367614385732937698e+00 2.150380825892874270e+01 3.416493310434329089e+01
4.163169627051844027e-03 1.414629879335787699e+01 3.414629879335716822e+01 4.206176444133933501e+01 2.532449857766915002e+01 4.206176444133933501e+01 5.090287397991949092e+01 3.319051231663746648e+01 1.319051231663817525e+01 3.319051231663746648e+01 4.516179638684486264e+01 2.516191338737235128e+01 1.361491253838188875e+01 2.418441930570729781e+01 7.369051299738369920e+00 2.737038962633537764e+01 4.534582266423387864e+01 5.363009391169184426e+01 4.230065952101703886e+01 2.230065952101775295e+01 1.300923639801366782e+01 3.300923639801295906e+01 3.518520723706275533e+01 1.521117205655829530e+01 3.664319728090673856e+00 2.366431825394887056e+01 3.260055104578528073e+01 4.383439329632765435e+01 4.418813974987030235e+01 4.066284325208515327e+01 2.132284236607880246e+01 4.066284325208515327e+01 4.549918553058432735e+01 2.550986717717450247e+01 1.136761438582561645e+01 3.137238229376211862e+01 4.945420215721470214e+01
5.883922493566802470e-02 1.421816202148893105e+01 3.440298273764591386e+01 4.415601532691449194e+01 4.532449857766985701e+01 5.360876982513205036e+01 4.952044393519368981e+01 2.952044393519298637e+01 1.896401500853433220e+01 3.896401500853362165e+01 5.345299914669882213e+01 4.188761951302037545e+01 2.361491118530969402e+01 2.964775948979024278e+01 9.648262828931109425e+00 2.379039715465168570e+01 4.379030379094268710e+01 6.230065952101633542e+01 4.230065952101704596e+01 3.817321419295608820e+01 1.817321419295679874e+01 3.817321419295608820e+01 4.340313709145112142e+01 3.191717752136016273e+01 2.366431825389361165e+01 5.379305579515754943e+00 1.663445621118332696e+01 3.268295276640746039e+01 4.185705378287903500e+01 4.960711587825845470e+01 3.546497798992177053e+01 4.960711587825845470e+01 4.206632774275482944e+01 2.205811886059309046e+01 1.803428162071051233e+01 2.401693551769318447e+01 4.402933514853654628e+01
1.256007409845548775e-02 2.001256007409810067e+01 2.973503585516739278e+01 2.409569024551920791e+01 3.827315946189602869e+01 5.841626251212481691e+01 5.780471518265589026e+01 4.528857032887026435e+01 2.528857032887097844e+01 4.528857032887026435e+01 6.359225236750497601e+01 4.361202825272219741e+01 4.361202825272219030e+01 3.198904133334895405e+01 1.198908577285370036e+01 3.198896480099978490e+01 4.561699400097465684e+01 5.716469632928862410e+01 5.231534981668653472e+01 3.231534981668724527e+01 2.524428200482214990e+01 4.524428200482143581e+01 5.106843612095086371e+01 3.106844560705746972e+01 1.692631092189204978e+01 2.537930396711147552e+01 7.130069194810884525e+00 1.352225494278854612e+01 3.359541360717780378e+01 5.337185875686569858e+01 5.546497811637248532e+01 5.622443022268029722e+01 3.620184967810155996e+01 4.206632774275482944e+01 2.510535874211037211e+01 4.402933515041291201e+01 4.402933514983221386e+01
9.594114293757748102e-02 4.946653634130834476e+00 9.946653549586066845e+00 2.995637344913070876e+01 4.827024787011971796e+01 5.829052332259327329e+01 5.943070595260071798e+01 3.943070595260142852e+01 3.943070595260142852e+01 5.357284157633187505e+01 6.101746203864277618e+01 4.947089572209679176e+01 3.640628949163165373e+01 1.640634681584748478e+01 3.198904133334895405e+01 1.733431061110209370e+01 2.888131575620466762e+01 4.888117430890085302e+01 6.059962106414813832e+01 5.231534981668653472e+01 3.418855391482099293e+01 5.352855325228304650e+01 5.692629451297855070e+01 3.692630720491506224e+01 3.692630720491506224e+01 2.839286069203561880e+01 8.395006388017122845e+00 2.839286069203561880e+01 2.516646208280955577e+01 3.927486113961972336e+01 5.919582209853111010e+01 6.455142279614227618e+01 5.622443022268029722e+01 5.344200471789231699e+01 3.404979676154849244e+01 5.344200471789231699e+01 6.408582392683153728e+01
7.711341127313005306e-02 2.007711341127277649e+01 2.995637344913070876e+01 1.994692968256777377e+01 2.994890443538853120e+01 4.998272999599869593e+01 6.771497720006132681e+01 5.943070595260071798e+01 5.943070595260071798e+01 6.418816254400766752e+01 5.273408799777932643e+01 3.273426628189765353e+01 2.118726125318497466e+01 2.795335199164665241e+01 4.469009591531744263e+01 3.733425060068518775e+01 2.336453750265453877e+01 4.336445158799634214e+01 6.164777285499795312e+01 6.247282516228188598e+01 4.833068953855144656e+01 6.247282516228188598e+01 5.917832029566347529e+01 4.921393277160566981e+01 4.090745121945451501e+01 2.966527963482712238e+01 9.667646234953846118e+00 2.966527963482712238e+01 4.510957551673241284e+01 5.337185875691979220e+01 5.204988439563948077e+01 5.912214599123804959e+01 6.740700102000768368e+01 6.241042182434004815e+01 4.819636382683903264e+01 6.241042182434004815e+01 7.306031009556612332e+01
2.297228869525369793e-03 1.000229722886943762e+01 3.000229722886908235e+01 3.996581721569360468e+01 4.827024787011971796e+01 5.829052332259327329e+01 6.170434277207823470e+01 6.389221541134083537e+01 7.004655776720785809e+01 5.004715480851069032e+01 3.590503582904851498e+01 2.696076394507875307e+01 2.935222706044137553e+01 4.795321685321330563e+01 5.623674121377558066e+01 4.913791941338350000e+01 2.913804019451406191e+01 3.336453742299283221e+01 4.491153967242156142e+01 6.491114091284153176e+01 6.833068953855003258e+01 6.503943590227537186e+01 4.501683372375229908e+01 3.099477634113589275e+01 2.111630008635379951e+01 1.359022092855164310e+01 1.111120932502193526e+01 3.110845665063917664e+01 4.144971625801637316e+01 4.310498057256565829e+01 3.204847139504866504e+01 3.911876946094626817e+01 5.066802841640978272e+01 7.067068536503398946e+01 6.824844221057682603e+01 7.133320337357301355e+01 5.305078822163014252e+01
9.647730019007895452e-02 2.009647730018972211e+01 3.000229722886908235e+01 5.000229722886837180e+01 5.813421977298796151e+01 5.584686280967270733e+01 4.170415757822267722e+01 4.389196115887367000e+01 6.389221541134083537e+01 6.418809892478898860e+01 5.167466807424522557e+01 3.167480915297834443e+01 4.935209912706604030e+01 4.349435408394725044e+01 6.349394665508719271e+01 5.546241887576647400e+01 3.546259551412575917e+01 4.750665757107389453e+01 6.164777285499795312e+01 7.319406579422300752e+01 7.214781384249204166e+01 5.209614227345956294e+01 5.044187063657942360e+01 3.768995854779782917e+01 1.789864301825132387e+01 3.342165367000726661e+01 3.110845665063917664e+01 1.316910291475156747e+01 3.316545541875144210e+01 2.310803446578335141e+01 4.310498057256565829e+01 5.912214599123804959e+01 6.740700102000768368e+01 7.895518388017563893e+01 7.723354953657634780e+01 5.721237603675673711e+01 4.302513445571875650e+01
3.582433992925927735e-02 1.417795996366033506e+01 3.417795996366103850e+01 4.328589237888183305e+01 3.813395905418543919e+01 3.813395905418543208e+01 2.756201950102657605e+01 4.170415757822267722e+01 6.170434277207823470e+01 7.081603334150001672e+01 5.081692980107058588e+01 3.667480915290427390e+01 5.667464847783545423e+01 6.349394665508719271e+01 7.177685213604956971e+01 6.253339008944328015e+01 4.253366331038031234e+01 6.253339008944328015e+01 7.578888813892207565e+01 7.748195997465832363e+01 6.917743696974271472e+01 5.209614227345956294e+01 3.223386455057399047e+01 2.240374035858150847e+01 3.768995854779782917e+01 4.595217659901716445e+01 2.949557398252322571e+01 3.316538503031768670e+01 1.526626933655035501e+01 3.526152828458598520e+01 4.574741754288005779e+01 5.163482471878032243e+01 5.825722806197066461e+01 6.649072599141328510e+01 7.641021986957159129e+01 6.722296278666662772e+01 4.718048130847301280e+01
1.813270376062421294e-02 2.001813270376026921e+01 2.602026890194313680e+01 2.328587718762246439e+01 3.247709584526609916e+01 1.813392908331912068e+01 2.390743177521547835e+01 4.390747538579764608e+01 5.992290198937867274e+01 6.820788397215045507e+01 6.495706809933378167e+01 5.081693103582846049e+01 4.610289933840294907e+01 6.024499443067949755e+01 8.024409649643800435e+01 7.081648954487870640e+01 5.408066303970208111e+01 7.081648954487870640e+01 7.578493814574073895e+01 6.747754079632412072e+01 4.909606852083322082e+01 4.727117921607985096e+01 2.749504536413639855e+01 3.633178962758404396e+01 5.044187063657942360e+01 5.778069775067057634e+01 4.949468542151956285e+01 4.354551549785147557e+01 3.526153306975019319e+01 1.746851756711032522e+01 3.746283496420276293e+01 3.172844667433150079e+01 3.839001803239958122e+01 4.835365432083467851e+01 6.816080180310666492e+01 7.546909794456205134e+01 6.722296278666662772e+01
2.372884694381488524e-02 3.005152816943540195e+00 6.020266262721189143e+00 9.143741500493337782e+00 1.247707483382664151e+01 2.142134674408837114e+01 4.142138475366444084e+01 3.285170368723562007e+01 3.992277150661654161e+01 5.146977806468045458e+01 7.147008401185438231e+01 7.081642937087815426e+01 6.024499443067949755e+01 6.024499443067949755e+01 8.024409649643800435e+01 8.236250191819983968e+01 7.408002997064558315e+01 7.909890808277027929e+01 5.897010948922670792e+01 4.733100911438263836e+01 3.983251440382368713e+01 3.291488070962597590e+01 4.727117921607985096e+01 5.556710386143844005e+01 6.455195164557476062e+01 6.857675252134019672e+01 6.028918121907747008e+01 4.975955423854658477e+01 3.904290398363126258e+01 1.903978747589748721e+01 2.320705654177760380e+01 4.314671660053614488e+01 5.825722806197066461e+01 6.649072599141328510e+01 7.641021986957159129e+01 7.751284337246222833e+01 6.919943371559797640e+01
8.175220331382776484e-02 2.008175220331347077e+01 2.602026890194313680e+01 2.328589750084015364e+01 2.402407973917621931e+01 4.075465841797810640e+01 3.775128441061146845e+01 5.285178610276867062e+01 5.992290198937867274e+01 6.820819681501501464e+01 7.975599757295273662e+01 7.559498003647077269e+01 8.024409649643800435e+01 8.024409649643800435e+01 8.852695313909190133e+01 9.537604047545596586e+01 8.709399541312753001e+01 8.738545394120112064e+01 7.578493814574073895e+01 5.634366074311450490e+01 4.217778832012994883e+01 5.278106829085817253e+01 4.689974579445815550e+01 6.697983682635720015e+01 7.397058391853670400e+01 5.395250671841545653e+01 4.026695321548323392e+01 4.146885822541582201e+01 2.146391457898508648e+01 3.904290398363126258e+01 3.732420621881227873e+01 3.319788392248395326e+01 4.471174667531823133e+01 6.455151766956588233e+01 8.081856834419808422e+01 6.069363682747969335e+01 4.910069841541820068e+01
9.124702163186203252e-02 2.009124702163150644e+01 3.724554987318771282e+01 4.328836203781825986e+01 4.402313930261655628e+01 5.229843897854518531e+01 5.775145858506378005e+01 6.603655616277123386e+01 7.073337779686787030e+01 7.657190495706034028e+01 6.979036815027194507e+01 5.579679430787773242e+01 6.237539052445846721e+01 6.237539052445846721e+01 7.065941472193382822e+01 7.814863145459332827e+01 6.710825040820517984e+01 8.383576350530941568e+01 8.475862464457023293e+01 7.055114269384237957e+01 5.216697487454119653e+01 7.055114269384237957e+01 6.697983682635720015e+01 7.528697001075168771e+01 6.580573730585867054e+01 5.395250671841545653e+01 3.392969365785374691e+01 2.393272341560371430e+01 4.146885847469895481e+01 4.975955423855089776e+01 5.719979266447830923e+01 4.471174662924802590e+01 6.134085354036262316e+01 7.281728705704411198e+01 8.911637946419595835e+01 7.751284337246222833e+01 5.845620780120771798e+01
2.239863785106879432e-02 8.966670547810549508e+00 2.310880549573620968e+01 4.310868378221372410e+01 5.943931900278408165e+01 5.422259593489684448e+01 5.422267217201411427e+01 6.255133108041981416e+01 5.070680331921253270e+01 5.657245117978035864e+01 5.986122488785197504e+01 4.170651002135234364e+01 4.234797592824935464e+01 4.234797592824935464e+01 6.237539052445846721e+01 5.815325694820869984e+01 5.555790791287729746e+01 7.555522015458036833e+01 9.382969689062686314e+01 8.060577794317067912e+01 7.230729512494238520e+01 8.060577794317067912e+01 8.094947321414917951e+01 7.175363244793425110e+01 5.160734325296614600e+01 3.743856136607495699e+01 2.743682396240445343e+01 4.394110042585259635e+01 2.767474625409217737e+01 4.769044646592291770e+01 5.983108912947599123e+01 6.455061993947295207e+01 7.280730361561882091e+01 8.655391208124076741e+01 7.984103993248646702e+01 6.979233972132546171e+01 6.147344570213865467e+01
1.766589122093755945e-02 2.001766589122058093e+01 3.725028970821100671e+01 4.268352363121643833e+01 3.970754694501368931e+01 3.391496009407930501e+01 3.391496026128024965e+01 5.422267217213162382e+01 3.643598960931301178e+01 5.519507880854002480e+01 4.987555453891864232e+01 3.169586651303577796e+01 2.817502044601662092e+01 4.821386985384456381e+01 5.733414889022772343e+01 4.398291357315493855e+01 5.401017903986852531e+01 6.556258462068851145e+01 8.554785568847229626e+01 9.264480490469208007e+01 8.264672825537974177e+01 7.436775965523870013e+01 6.093743110263872609e+01 6.179011024609084046e+01 5.703655813928297391e+01 5.003670861627838207e+01 3.001622254104638188e+01 4.985867561415923177e+01 4.769043165104694282e+01 3.152093406227607630e+01 5.154117178930771814e+01 6.192489204987809615e+01 5.825209566350987700e+01 7.827058544717773714e+01 7.152786771748166927e+01 5.141902368679553348e+01 4.140192869404189224e+01
