LEM/with_lateral_4open/elevation_000558.asc
nrows	100
cellsize	150.0
xllcorner	0
ncols	100
yllcorner	0
NODATA_value	-9999
[rows 68 to 84 of 100, columns 37 to 73 of 100]
8.152018582047308826e+01 6.150453707070214193e+01 8.152018582047308826e+01 9.137169627449030429e+01 7.139158149559781918e+01 5.724736931433599807e+01 4.843460800436916003e+01 6.830102573287297218e+01 7.535118784716895846e+01 9.530238465188872965e+01 8.505174661885278908e+01 6.495377492973723577e+01 5.089122710728612020e+01 4.291540672499799314e+01 5.852599964378357100e+01 6.101063272171349894e+01 4.721807019326756460e+01 5.417420738520391410e+01 7.449304665374640422e+01 9.001300141644011887e+01 8.175852784369030246e+01 6.877792572164879914e+01 4.888118743863313398e+01 6.877792572164879914e+01 7.576351887168223698e+01 5.576272592273547701e+01 6.692942915514656477e+01 8.692832584219323167e+01 8.570552405637540971e+01 9.984913019483136054e+01 1.021589207647656252e+02 9.376975298767644063e+01 8.478611726247214619e+01 7.606543367182871407e+01 6.489697077277294568e+01 4.475732884103631193e+01 6.086514449652162284e+01
7.704455069864846450e+01 5.706125973748204672e+01 7.704455069864846450e+01 7.857310601046772547e+01 7.948890523430348765e+01 5.952441984401830410e+01 4.558462472511052965e+01 5.539257661603803484e+01 7.535118784744302900e+01 8.596126837034711343e+01 7.595770248499805177e+01 6.766279250247904997e+01 6.104183253790665731e+01 5.852599926427064503e+01 3.881311802193768301e+01 4.120488227233786205e+01 6.062063135843336426e+01 7.391199040710931456e+01 8.275788045113633018e+01 8.175852784369030246e+01 6.179417216742164243e+01 6.471652102672477724e+01 4.490734341778416905e+01 6.124304144790021098e+01 6.429842611279678977e+01 5.067431491810253874e+01 7.059929507489276546e+01 7.888580714732484012e+01 7.152920428968512567e+01 9.155612120626416583e+01 1.047389976161980343e+02 8.804324752805469245e+01 6.745710144451355461e+01 5.584371362842296804e+01 4.875916696410951801e+01 6.470473596079942524e+01 7.229748498247933242e+01
7.287774649294875928e+01 5.296196927576293234e+01 6.724471404379966089e+01 5.864399482053389789e+01 7.272923694218559376e+01 6.265389337435168216e+01 4.293282546031744573e+01 6.265389337435168216e+01 7.974435183715051778e+01 7.765867381616058651e+01 5.766691118890168610e+01 4.779991261156368410e+01 4.128078793747815922e+01 5.261569334030932055e+01 3.598142900822956136e+01 5.568112330758106765e+01 5.509462950948008597e+01 6.653422662251435327e+01 8.602676217462172303e+01 8.175839676138046741e+01 6.179417135285866891e+01 4.779556347391095272e+01 4.109549013626143932e+01 4.149887543244166466e+01 4.449810509242799839e+01 4.896532566803388420e+01 5.372652527489744756e+01 5.884768745035925264e+01 6.641865413373520255e+01 7.646620223690435125e+01 9.646036505590301147e+01 9.683333389846177397e+01 8.474008923136855742e+01 7.606429870057277753e+01 6.886288957430760149e+01 5.323669703777893147e+01 7.294319696380017604e+01
5.595886305404584249e+01 5.158973131901496600e+01 4.746180095497676632e+01 4.476462581804965879e+01 6.074311575735982416e+01 6.001855481624974686e+01 4.034369737685622681e+01 5.161844772609319421e+01 7.149331449636281377e+01 8.596126851360703824e+01 7.595770248499805177e+01 6.766279250247904997e+01 5.261569480883200356e+01 3.291475410579099758e+01 5.261389533195290369e+01 4.836724204709714314e+01 5.973891003413252321e+01 7.920661110731019505e+01 9.367927948505317204e+01 8.260831270483909350e+01 6.264883989472558312e+01 4.864186943505306715e+01 3.733817584166931880e+01 5.703340138847481455e+01 6.429842611279678977e+01 6.886387086910973210e+01 7.371139708780350475e+01 7.888580714732484012e+01 8.646225073291451224e+01 9.473647594132997085e+01 1.047286369283627607e+02 1.006259935098801037e+02 8.087806322557435124e+01 6.668482013930395169e+01 6.032961949407197011e+01 7.330731783631557619e+01 5.942637024799736878e+01
6.995557477549776593e+01 6.911053045214330837e+01 5.836715139207413472e+01 6.074311575790923001e+01 4.108226038285170745e+01 5.711224454343989265e+01 3.784585926126335664e+01 5.749944546700113079e+01 7.500942289108736816e+01 7.204572209371089286e+01 8.029071350060742418e+01 6.833515632533882922e+01 5.062160147383371367e+01 3.090751894769880082e+01 4.073816071578895759e+01 6.024300200198445765e+01 7.581231787567750757e+01 8.690132897171244508e+01 7.673415425713177740e+01 6.847427139729121848e+01 6.847945599188383881e+01 5.487152474536913616e+01 3.517753662934318015e+01 5.487152474536957669e+01 6.984130556698066528e+01 8.133893614492501456e+01 8.911012049465183793e+01 8.087440852858841822e+01 8.911012049465183793e+01 9.800545665551743468e+01 1.094991385620021731e+02 9.821336448404714758e+01 7.829290418071647650e+01 8.671228136553791899e+01 6.931995428079844146e+01 8.623220591487498154e+01 6.612481648844007509e+01
8.982357328176379951e+01 8.468395534707126160e+01 7.472050645580297612e+01 6.099109763229574810e+01 4.129023993119849933e+01 3.746717228291002044e+01 3.536916565731681317e+01 4.697478606322355432e+01 5.800300780587328120e+01 5.218632897354679301e+01 7.204572209371089286e+01 6.009213112143834223e+01 4.033458547467996880e+01 2.895429451425916056e+01 4.868464854043599388e+01 6.004496672974722316e+01 7.836380791475788499e+01 8.172646566274774216e+01 6.847427142838854763e+01 4.862304751329628516e+01 4.862311030557424374e+01 4.984526356409512005e+01 3.304496472162867349e+01 4.181983194391956715e+01 5.317560797798547156e+01 7.308134474430239891e+01 7.151610580217942470e+01 6.102271721840131136e+01 6.988468660409067468e+01 8.136017216549919340e+01 1.012492250325331469e+02 1.063611732682175841e+02 8.985750963829337934e+01 8.930247403977159593e+01 8.350442035178846822e+01 9.387062530826631246e+01 7.373164117109291738e+01
8.928330582103208712e+01 8.104445813180728919e+01 6.686311106680689420e+01 4.703873738476917055e+01 6.099051363661351388e+01 5.130067571364579493e+01 5.277213018035019587e+01 3.309956616836729637e+01 3.829710563659228484e+01 5.800301054819343705e+01 6.104499171700619797e+01 6.076207747798615344e+01 4.100370795322042028e+01 2.704250660894734892e+01 4.101436944542320617e+01 6.096302667786905971e+01 7.670264312293096509e+01 6.625938668199212600e+01 5.207141942807797363e+01 5.443729821963020754e+01 3.470799577039763761e+01 3.011815223780897455e+01 3.314477361628996022e+01 5.280575269318571685e+01 6.052688044175474857e+01 6.429151342683803705e+01 5.173089768997622429e+01 6.158953655542314465e+01 7.303972389291084255e+01 8.709878305588479463e+01 1.069781669573917640e+02 1.177470169501711155e+02 1.096276744736820348e+02 1.090218862673550859e+02 1.033002138886677130e+02 1.024349582392760709e+02 8.535786826421869478e+01
7.106629589689532622e+01 6.108293889333098292e+01 5.358990713567452246e+01 6.686311106680689420e+01 7.508750544974827790e+01 7.111692468804021416e+01 6.099282089078605651e+01 5.055487793302963695e+01 3.085724589445509736e+01 4.840835964157822957e+01 4.127891917898941188e+01 4.573927554937962014e+01 4.442090044495225953e+01 2.516957990252877764e+01 4.494520792498504846e+01 4.838584290538720722e+01 6.273539437999511392e+01 5.787819968190047604e+01 3.790803465535470451e+01 4.515779190988750713e+01 2.770991635179708368e+01 4.746171787816673771e+01 5.280575269318571685e+01 3.754520432406491892e+01 4.085026939463106288e+01 4.459642258352571531e+01 5.076870639665149554e+01 6.062084295606166506e+01 7.206767926117926493e+01 9.194804917619887874e+01 1.060888002174409905e+02 1.002657781104971235e+02 1.007471373523449358e+02 1.007471373523449358e+02 1.089815724609002245e+02 1.138635092794189774e+02 1.055075525878370115e+02
8.347983870528130979e+01 6.351958735946498535e+01 7.349971303237306586e+01 8.174644073354873797e+01 8.257390190789786288e+01 7.430759214469738083e+01 7.086833754837351762e+01 5.064260646640183694e+01 4.793579555318339658e+01 2.868369326110766337e+01 2.732527226564374345e+01 2.597737200313132178e+01 2.463986087620375898e+01 2.330992450339606137e+01 4.136849196895447989e+01 3.434647545809736613e+01 5.432525249148613966e+01 5.116789380148159694e+01 4.295290061140489257e+01 2.537913381271301105e+01 3.287971443223244705e+01 5.261826146275402039e+01 6.542820543364781827e+01 4.884069689303478867e+01 6.052688044175474147e+01 5.323453963879872219e+01 7.054547760511725585e+01 6.472911168771472035e+01 8.458742708663534415e+01 1.001790036885669224e+02 8.617970781579843731e+01 8.034506645919347534e+01 8.082757377117712849e+01 8.082757377117712849e+01 1.007471373523449358e+02 1.010131761036727909e+02 9.101347288523737689e+01
9.171503785585071000e+01 7.350756008278483478e+01 9.171503785585071000e+01 8.585443546540042803e+01 6.585471616690540486e+01 5.437254616834985654e+01 6.349524366849698964e+01 5.280742043068730140e+01 3.312154815942552233e+01 3.748466983158454724e+01 4.706826778794154365e+01 3.994975042837545942e+01 4.442090000827169405e+01 4.160182456129604844e+01 2.178109714242755146e+01 4.011775497833717452e+01 4.715513867030382755e+01 4.078508160967698615e+01 2.314761112306208446e+01 3.715906648922005928e+01 5.261826143691255453e+01 4.680889680190566793e+01 6.664330841574492581e+01 6.862118658019284112e+01 7.687189354901893523e+01 6.463438118353855089e+01 8.128015081597513358e+01 8.458742708663534415e+01 9.281929206659987130e+01 9.701425209682304285e+01 8.551026666987894487e+01 6.623903227556155571e+01 6.672165377146039589e+01 8.082757377117712849e+01 1.007471373523449358e+02 9.273417758123834176e+01 7.272974428123829682e+01
1.016730381100818477e+02 9.345211732777765690e+01 1.016730381100818477e+02 9.410843385214593582e+01 8.257390190789786288e+01 6.365186185425751830e+01 4.386924583840416858e+01 3.769634296043204102e+01 5.280742043068730140e+01 5.119774021836693123e+01 5.604417379087178119e+01 5.971642495288415375e+01 5.558692971017649143e+01 3.580900692244453865e+01 4.011775737433671907e+01 2.027738509236312225e+01 3.409142207614806352e+01 2.095358131184607586e+01 4.078508160967698615e+01 5.116789152691482201e+01 6.517670534820624084e+01 6.664330841574492581e+01 7.489335765957989111e+01 8.439129042394901603e+01 8.964748691565787908e+01 8.452141847229404448e+01 9.276403313822427776e+01 9.824501509093148854e+01 9.606781636373455058e+01 8.877292832437687764e+01 6.883535779239663555e+01 5.733399701496084333e+01 7.726196661075090333e+01 8.831080279083286655e+01 9.827120239802827939e+01 1.010131761036727909e+02 8.618358782719988653e+01
1.002409885645780605e+02 1.118014301189403028e+02 9.875310335251124627e+01 8.726169713736172184e+01 7.835085670507938005e+01 6.308578232958353738e+01 4.333110239093178961e+01 5.738309744893408748e+01 6.560986540479122198e+01 7.070497529833208716e+01 7.363280369740525089e+01 7.596070073001729384e+01 6.381722612590635180e+01 5.558693163525333603e+01 4.832996359362733330e+01 3.864379327390926733e+01 1.878278141445320060e+01 3.854582870687068663e+01 4.890518845875082832e+01 6.220583687126153194e+01 5.400960943481592125e+01 5.795032610142573759e+01 6.453758096342750150e+01 6.453758096342750150e+01 6.977073743737480527e+01 8.964748691565787908e+01 9.824501509093148854e+01 7.831350483398910001e+01 7.613191470731489119e+01 8.609986553552468536e+01 7.280593714377737058e+01 5.289548570045931086e+01 6.013962963597942490e+01 7.009893797607945487e+01 9.003074297234465462e+01 9.117387649211907785e+01 7.962278546515292987e+01
8.348424710948556537e+01 1.035116258086437000e+02 9.054005078089437575e+01 7.060502169834771280e+01 5.908314550503038021e+01 5.024287230702912410e+01 5.725649893137912017e+01 5.725649893135146584e+01 7.715891723515088074e+01 7.762440416993381120e+01 6.644431988487896490e+01 5.779082672379384178e+01 4.572727123869205457e+01 4.563244892948390685e+01 4.084301754216038205e+01 3.661447678422063490e+01 1.791389810309001973e+01 3.778633659388406585e+01 4.540897440418603281e+01 4.874391004703073094e+01 3.430743183218773851e+01 3.824625325667780373e+01 4.477581637742225951e+01 5.356054583931791768e+01 7.341818892668280228e+01 8.803239363227916670e+01 9.948017133578184712e+01 8.197100511341214713e+01 6.200870883366025765e+01 6.614530006196002887e+01 6.856101463309842359e+01 4.866076825706220177e+01 6.272504354878583399e+01 8.265029517446293994e+01 9.827120239802827939e+01 8.289185325091639811e+01 6.287959750361064692e+01
1.002409885645780605e+02 1.019081401510330522e+02 9.679554331548635560e+01 7.689293979408719792e+01 6.278020444190042326e+01 6.013631230130959437e+01 7.715891736844514526e+01 7.715891708182850550e+01 8.539121240725667406e+01 6.879958157025671994e+01 4.745613275201809245e+01 3.775723237291655465e+01 3.137926838238906413e+01 2.615603533672700109e+01 2.133181546868474854e+01 1.672880616309326030e+01 3.504504643256442620e+01 2.239848621148915342e+01 2.564378664377782613e+01 2.901453693074194362e+01 4.040115824099185460e+01 5.795025579240909508e+01 4.593169292223237221e+01 5.247327417311321085e+01 5.993880898687935854e+01 7.143895727321202571e+01 9.133661737306576356e+01 9.022060621223542398e+01 7.198985697353612068e+01 5.201339775320186476e+01 6.383450164731361554e+01 4.512756032456715616e+01 6.208917992956695286e+01 7.813518253174933648e+01 8.330043842057200720e+01 7.500398524359056296e+01 7.724659740591690138e+01
8.823351304710315901e+01 8.191678795810709346e+01 8.558526946260275281e+01 9.094777899949397693e+01 8.272227740223780756e+01 7.425003357844036600e+01 8.831270942389794243e+01 8.808268049852419779e+01 8.001544683448517503e+01 7.768552258838484192e+01 6.686217195517275513e+01 5.778713519012856636e+01 4.522992600720004219e+01 4.563244893414667303e+01 3.004605915901941060e+01 1.590495862145615824e+01 3.332611920057556887e+01 4.177108181789487418e+01 4.540903692587725260e+01 4.874391004703035435e+01 5.693193224103506367e+01 6.014009402926518533e+01 5.730714822724278434e+01 7.232346726546484206e+01 7.984869795817152749e+01 8.803239363227916670e+01 8.617168081092528098e+01 8.890458623083895873e+01 6.895643391022875335e+01 5.482849706309860949e+01 4.384908086198735333e+01 4.165625592938111765e+01 5.046308204334108183e+01 7.252614203476895227e+01 7.500398524359056296e+01 5.498449315733282106e+01 6.084806663348725664e+01
6.823717235758174127e+01 6.777578487501845927e+01 6.558816408484321414e+01 7.972561881459834865e+01 8.916380916916806143e+01 9.416602873925856443e+01 8.680956945375656630e+01 7.671073612421760402e+01 5.983763404141678421e+01 7.671060025949647354e+01 7.470648887658455806e+01 6.674160185274328683e+01 6.628131709323585596e+01 5.899363812402674512e+01 4.364511351611094625e+01 2.622874749673917094e+01 1.474384084169623854e+01 3.351162074313305084e+01 2.987684077880501476e+01 4.388300899473171057e+01 6.369362271670891573e+01 7.995780838346517783e+01 7.718078683416476338e+01 8.536838314567324915e+01 8.436532482375366726e+01 7.611103193256423083e+01 6.605038305420319489e+01 8.021624107187012953e+01 7.261698806523529015e+01 5.264289762665948302e+01 3.850364967632420843e+01 3.834481798881826364e+01 4.941723741744036147e+01 6.866685428467071972e+01 7.500398524359056296e+01 5.498449315733282106e+01 4.084076345817403109e+01
5.409523289833374804e+01 6.144565623195116899e+01 5.144613182161590004e+01 7.144518064184734385e+01 6.916380607513798395e+01 8.330598885666026376e+01 7.860996494385173605e+01 5.824575533562113350e+01 4.765390994223717769e+01 5.915412189293776635e+01 6.361142623867191759e+01 4.654095014670446773e+01 6.361142623867191759e+01 6.296566602531226664e+01 4.508403621969362263e+01 4.038362037507994273e+01 3.238790518019028752e+01 1.359029275342508569e+01 3.351177974935031045e+01 4.616099547656684621e+01 5.437059056698391402e+01 6.744544863791665534e+01 7.570620960450082748e+01 8.720949466209935963e+01 7.611103193256423083e+01 5.596066195416377553e+01 5.178136263396540784e+01 6.985954841943923554e+01 5.863583149535202921e+01 5.051708371311227808e+01 3.403140278961748066e+01 5.401725457582394085e+01 6.633678296221134474e+01 7.683942756206823788e+01 8.084507537777952280e+01 6.084470120921180580e+01 6.082568177466309578e+01
