LEM/with_lateral_4open/elevation_000368.asc
nrows	100
cellsize	150.0
xllcorner	0
ncols	100
yllcorner	0
NODATA_value	-9999
[rows 17 to 33 of 100, columns 37 to 73 of 100]
3.736333231915716624e+01 4.900796631087789734e+01 4.005043437442407139e+01 3.919306007512624035e+01 1.918546096472428175e+01 3.409938346420877053e+01 1.364175408099912623e+01 2.834262409152291085e+01 1.572598320785695059e+01 1.797361886521708030e+01 3.768600012781694630e+01 4.346704836484026657e+01 2.827122949614900804e+01 4.777462871304467029e+01 5.577943203993954313e+01 5.378956676851665719e+01 5.592562783998222642e+01 7.509339900342503427e+01 7.202210114997210155e+01 9.178406594694227749e+01 9.732057473922873214e+01 8.582291481191313665e+01 7.757595224457418226e+01 6.854523290668153379e+01 4.861079745400371621e+01 5.514721511463577031e+01 3.501642534795910677e+01 5.090327199725526697e+01 5.075234956828344934e+01 3.507879221502836486e+01 5.526644623857262673e+01 6.848050394007016450e+01 8.001756655627822568e+01 7.015851144081328528e+01 5.012894243139618311e+01 3.586665884355802092e+01 5.599546737001053032e+01
3.257153567597314492e+01 2.892973482331485613e+01 2.597513750231253482e+01 2.313663008859732528e+01 3.919305945171966243e+01 3.433274713024135139e+01 1.438670726571072400e+01 3.402737330827412165e+01 3.528875810926908230e+01 2.856708497491366927e+01 3.047033291946790712e+01 4.997167569755836070e+01 4.777462871304465608e+01 3.279662389030863778e+01 3.635936624886384294e+01 4.008183067866132632e+01 4.738633040153555953e+01 5.607136723999272476e+01 7.564849173237628577e+01 8.855708536408360487e+01 9.847349269393284033e+01 9.263442600094981572e+01 7.271318370667437136e+01 6.123005577651569808e+01 6.854523290668153379e+01 5.820713670925832162e+01 3.814188896333679679e+01 5.820713670925832162e+01 6.354186201679765844e+01 4.679068326075837092e+01 4.010950111130235030e+01 5.175733729893024559e+01 7.177175051638786840e+01 7.173949805126984813e+01 5.172538576543630739e+01 4.009519385980853201e+01 6.018434493545247221e+01
5.275615625533865227e+01 4.178482726686744542e+01 4.235366570539675735e+01 4.306131602628960309e+01 4.151458951322437230e+01 1.545210976594348473e+01 2.122199692822275807e+01 2.185611692402000727e+01 4.053881448461941517e+01 4.804693732705815279e+01 4.982079718065948271e+01 4.997167571656213880e+01 5.958410168852055477e+01 4.013710917263149724e+01 5.577943203993954313e+01 5.952038266653217846e+01 4.766332193534084638e+01 5.379971555500900138e+01 6.067898350221331327e+01 7.042565722565660735e+01 9.015636315878344931e+01 1.008732293229449510e+02 8.937693884072170647e+01 7.464006510417218010e+01 5.474629559376460719e+01 4.766737726650252682e+01 4.180217421250268472e+01 6.179860097791679152e+01 7.509846587649460048e+01 6.684455378272248538e+01 5.435750322704851101e+01 4.573145688418730970e+01 6.577570365405532016e+01 7.999154045714325889e+01 6.596946959343829064e+01 4.592920992193628393e+01 5.172538576543630739e+01
6.731220892717594495e+01 5.757318425222791092e+01 5.982319362160325227e+01 5.099899827221579329e+01 3.617540480465044794e+01 1.620651950185522949e+01 3.529085046512238932e+01 4.053178844487393917e+01 3.051248138177464497e+01 4.944498462022463059e+01 6.866091124120949019e+01 6.956395338131039807e+01 6.775269177503329843e+01 5.132541864769887496e+01 6.775269177503329843e+01 7.537400402095300933e+01 6.717252110921189967e+01 7.335711165953328816e+01 8.029101019221997149e+01 8.855708536525237662e+01 9.847349269413969353e+01 1.013248071205501191e+02 8.139490256635372134e+01 6.732226537313576387e+01 7.464006510417218010e+01 6.550111806584816065e+01 4.556245334610604658e+01 5.967519152213941425e+01 7.956614894105921110e+01 8.260378493675935374e+01 6.986090154237062677e+01 4.984760089303490815e+01 6.141957224388126946e+01 8.139197180581695079e+01 7.229529198201772999e+01 5.229128516041997443e+01 7.173949805126984813e+01
7.910037410778227240e+01 7.397635336814119000e+01 4.962501290996690528e+01 3.034068190997435366e+01 2.346744162469837747e+01 2.620763354970542380e+01 1.728316829136470645e+01 4.167804532277284579e+01 4.944492087389150470e+01 4.135529924676589530e+01 5.478890122826962994e+01 7.427310016308774721e+01 7.517977383668268487e+01 7.086567252408673312e+01 7.908583380596097356e+01 8.377328170175778155e+01 7.557202419968986362e+01 7.166667027406012380e+01 7.729577668249744704e+01 8.348922116688532924e+01 9.172963944238144052e+01 1.005891758825434579e+02 9.547566318615778869e+01 8.723223646187715019e+01 8.709515757594370200e+01 6.947959367550326704e+01 4.958721562722917753e+01 6.365383123636531337e+01 8.354422836722817181e+01 8.615356947059748904e+01 6.619920798421540553e+01 5.486741652097305888e+01 7.485872988283648510e+01 8.962444450907644011e+01 7.935934830107622417e+01 5.937917979751642150e+01 7.935934830107622417e+01
8.569101053483890951e+01 7.522859636693995355e+01 5.287344126683099432e+01 5.103861353368611020e+01 4.230538554114008321e+01 3.736835415565179375e+01 1.804435055840086477e+01 3.213228562605258531e+01 5.195011120673964911e+01 6.049569063744554853e+01 6.866094949775582279e+01 6.960244404327781353e+01 5.589265177704670151e+01 6.960244404327781353e+01 7.786390449382923862e+01 6.968765559402402232e+01 5.605578111151491782e+01 5.218771190736307375e+01 5.779598008124737873e+01 6.390383003441264975e+01 7.257286171837175459e+01 8.648872221653394377e+01 1.064004814731345334e+02 9.034929214254066210e+01 7.042836510009935580e+01 5.897467685859448494e+01 5.589852953742041564e+01 6.947959367550177490e+01 8.937842382328530277e+01 9.438009814355966398e+01 8.117533780350602512e+01 6.120046968793008801e+01 6.901630720424482490e+01 8.896358595060861774e+01 8.760237216879939126e+01 7.092741719984222470e+01 8.760237216879939126e+01
6.635335203563320761e+01 7.379987206108825148e+01 6.852963945270701629e+01 5.074031327824641124e+01 3.751146909676897678e+01 2.769976383055288949e+01 1.880572504189001393e+01 3.870053091045277682e+01 4.812917106299200043e+01 5.627860440214397642e+01 5.839574331367371229e+01 5.034755558067690373e+01 4.215285916529074939e+01 6.154171905090503003e+01 6.655796320182638226e+01 5.017012203553974814e+01 4.478560201881331437e+01 5.605578111151503151e+01 7.557202429952236855e+01 8.348922116688532924e+01 9.172963944238144052e+01 1.005891758825434579e+02 1.083998561405376790e+02 9.859354351404790862e+01 7.884793955208034788e+01 7.301213999190701998e+01 7.576050032697681047e+01 6.581081677777959271e+01 8.571018387617156975e+01 9.526441105802382481e+01 7.533945258021668678e+01 7.120296894300605572e+01 8.896358595060861774e+01 9.718543334698524916e+01 9.910638939415717630e+01 9.087758038832224372e+01 9.207119107497346988e+01
5.201812068617044105e+01 5.359233149840878951e+01 6.778272624153157722e+01 6.381097363400076716e+01 4.998833086154643013e+01 3.999743802400610804e+01 2.010331208623858146e+01 2.008835705001480321e+01 3.992972652219391705e+01 3.644739402178825571e+01 4.322967919847012297e+01 3.065401828530379191e+01 5.034755275889208548e+01 6.157669099283500458e+01 5.344217102310468448e+01 3.882461047231063134e+01 5.841920233266971962e+01 7.245766721009823641e+01 8.377329478197030710e+01 9.487330851542118637e+01 8.665768738051777120e+01 9.487330851542118637e+01 8.857060466961836198e+01 1.026285930036198835e+02 9.876957090430464348e+01 9.293680599754132743e+01 9.395864188835993502e+01 7.573471430307995433e+01 9.395864188835993502e+01 1.034772321273044042e+02 9.526441105802382481e+01 8.532580747770499840e+01 9.936519169402697571e+01 1.038632031304861414e+02 1.121554301169828847e+02 1.007928743248479719e+02 9.060299658965396929e+01
5.293279098973987828e+01 3.844426557192065275e+01 5.933540812052476099e+01 5.192569920836930919e+01 4.186633561791216351e+01 2.195624251638159308e+01 4.000654010549193629e+01 3.987095443193429389e+01 2.130618676566959735e+01 2.216250236824456366e+01 2.306280659626442997e+01 2.407410986469347236e+01 4.423982603750157949e+01 4.880404685617725136e+01 3.376428185535127824e+01 5.344217102310468448e+01 5.483137382826951267e+01 7.438320846186329049e+01 8.347942944890998263e+01 8.503444424938227542e+01 6.704479794866082898e+01 8.503444424938227542e+01 7.472230984173316415e+01 8.967251125394864175e+01 9.790605966099803936e+01 1.073322001412446696e+02 1.039256388436306651e+02 9.568565344926309990e+01 1.039256388436306651e+02 1.039703315901608534e+02 1.098334068842347193e+02 1.052030146383426654e+02 1.006429120347076775e+02 8.395563516084395417e+01 1.006429120347076775e+02 9.240038701914613739e+01 7.197154774077843342e+01
5.307867177597307062e+01 3.320228791012559810e+01 4.744347063204934756e+01 4.374604183223632958e+01 2.384237851887865389e+01 4.186633561791225588e+01 5.004903809031890205e+01 4.722421909313336386e+01 3.340941506720331944e+01 4.196570194656023745e+01 2.700956300873847127e+01 4.338692256724882412e+01 2.562679225790421356e+01 2.899520175219386076e+01 4.880404793607439018e+01 6.157690598364464307e+01 7.438320846186329049e+01 6.968017527085277152e+01 6.383780654577421387e+01 6.703619257619605776e+01 5.722114248780299306e+01 7.685124266458930720e+01 6.500018446478068768e+01 7.006428712205610054e+01 8.967237300358478080e+01 8.751198005228711452e+01 1.015597312393971947e+02 1.096654666205952111e+02 9.817137335589551128e+01 8.407953846192008029e+01 8.990541688600301029e+01 9.014149596684131893e+01 8.194057343865414111e+01 7.285870877524149591e+01 9.236956340430253931e+01 1.007928743248479719e+02 9.060299658965396929e+01
4.925638840062319446e+01 2.947380138822740747e+01 2.757107434576355232e+01 2.579826665549371967e+01 4.374581887426649018e+01 3.274689543424388205e+01 4.856668485521753809e+01 6.089992665479478262e+01 5.446544200494809473e+01 5.128348371633304481e+01 3.098821388813308886e+01 4.913277604275985766e+01 4.568282366416817553e+01 2.727004210331135425e+01 4.720566590123768691e+01 5.688644785536595094e+01 6.393778557106953997e+01 5.002126887532729427e+01 4.990955829360197527e+01 4.734001456266464913e+01 6.398728659802586805e+01 6.704106364148952935e+01 5.620565793053087589e+01 7.474373842147568325e+01 8.090221980198397489e+01 7.368740356523144897e+01 9.331718811173287520e+01 1.013725091806505247e+02 8.151092432794037279e+01 7.051305331547690969e+01 8.076376875185736992e+01 7.665279297408579851e+01 6.302831826420452188e+01 7.595999242355013337e+01 9.542271040064861154e+01 9.239070304280177481e+01 8.416826807477083605e+01
3.219509383690874671e+01 4.925638840062319446e+01 4.744347063204934756e+01 2.802667775001896189e+01 4.789451192390018974e+01 4.669260098208268772e+01 4.411881037398907779e+01 6.373613700528585468e+01 6.938684114971306371e+01 4.924904234917078583e+01 3.510830658520018233e+01 5.463212881700122381e+01 5.536129516275955353e+01 4.720566590134016849e+01 2.887883656243458219e+01 4.873045868823975013e+01 5.242633643048419145e+01 3.622876509311154081e+01 3.863912201158778714e+01 4.135617073401022736e+01 4.421448387465181185e+01 4.725032647205082981e+01 5.113443188493194924e+01 5.518207120823812772e+01 6.142902160745178719e+01 7.261247128225895153e+01 9.222623274027624518e+01 1.016116115851219348e+02 8.176247696632626116e+01 6.830795562238202479e+01 6.192512624730093762e+01 5.793089550203396243e+01 5.726137043839415242e+01 7.030729999719778789e+01 8.960679858615532112e+01 8.266211512141622109e+01 6.487410108047673418e+01
5.194572648910396850e+01 6.010380124663168289e+01 5.012723516647264432e+01 3.028242852542232200e+01 5.012723516647265143e+01 6.639384514799678527e+01 5.544040012799993633e+01 7.195907273487500788e+01 7.389795127200120817e+01 5.372365349715379779e+01 3.957369062594680287e+01 5.963256850972994982e+01 6.264633249522746894e+01 4.296631674493052344e+01 4.873045990432500929e+01 3.046901256244221301e+01 3.285623644944134725e+01 5.242633241334999639e+01 5.822779317069176841e+01 5.272182950038607885e+01 6.398728659802586805e+01 5.875873483804904396e+01 7.083181675623644935e+01 7.474425489328606886e+01 6.320967872354412975e+01 8.270193533026149169e+01 1.004660048122959353e+02 1.016116313775860789e+02 8.176247698748881021e+01 8.757601568032434614e+01 7.503520041803766105e+01 7.113191964751669616e+01 5.232773960924394174e+01 6.712294434868215376e+01 7.513413573225777498e+01 7.452118457762381354e+01 5.553672766478939593e+01
6.314571208884009224e+01 6.631953978981863429e+01 4.663524110597766281e+01 3.258156675752092468e+01 4.663524110591909988e+01 6.631953950912286189e+01 7.513049146109689502e+01 8.335527107944932368e+01 7.611457782433410557e+01 5.592832144613822010e+01 4.510496045999945380e+01 6.520820549162947088e+01 7.080657918711887078e+01 6.264633249524756309e+01 5.842293448196282668e+01 5.026960355062683306e+01 3.224965209776974717e+01 4.626432948839869397e+01 6.606665951876068732e+01 7.240219622394742771e+01 8.057428070805288201e+01 7.835493518948489111e+01 8.653820007280000937e+01 9.090290318020004179e+01 7.186500622683820438e+01 7.693830731478718121e+01 9.661656425369287149e+01 1.099058202810848712e+02 1.016116316835985316e+02 1.028454340089579802e+02 8.462429813083623742e+01 6.554360889167037385e+01 6.712294505860853633e+01 4.804153289770999180e+01 6.326792094760208585e+01 6.240072268931984212e+01 4.930257209701889565e+01
7.450220934156497776e+01 7.171471141568410701e+01 5.474937723966006331e+01 3.495855389717059580e+01 5.474937723966006331e+01 6.870546975230739406e+01 7.687477568366976755e+01 8.822730585617820509e+01 8.450121755966904402e+01 7.128523586468003259e+01 5.113000627765654116e+01 7.128523586468003259e+01 8.171655868095163555e+01 6.213833909133230549e+01 4.827579143053527844e+01 5.323105902489727725e+01 3.350979692169075719e+01 5.212578199792231004e+01 6.358411351308248527e+01 7.089861128002806367e+01 7.845424610558707457e+01 8.675075679369255965e+01 9.586072382340782383e+01 9.970746020081826089e+01 8.310839017390713934e+01 9.661656425369287149e+01 1.048674990456127318e+02 1.076188878243924734e+02 9.936074989834719418e+01 9.936209049697043838e+01 9.283233963094069452e+01 8.462518597508750418e+01 7.513415745087978337e+01 6.326792094760208585e+01 4.388793999860860851e+01 4.819088147677018696e+01 4.326178560110150073e+01
8.222183182656577571e+01 6.355253457439300746e+01 4.386807635750960799e+01 3.790722937562845374e+01 4.309707477063949455e+01 4.908036094721416021e+01 6.041939964425883858e+01 8.002445201744060910e+01 8.561716977518905480e+01 6.534875446325554549e+01 6.272279820339847589e+01 7.967765260568670271e+01 8.749112967092811743e+01 6.787266684557255303e+01 5.547907433228242269e+01 3.579831027905751739e+01 4.992883578671130351e+01 3.635754197775180074e+01 4.184437070570692185e+01 4.842912371633376267e+01 5.649315779175443453e+01 6.705247860046856090e+01 8.185987518142421493e+01 1.017257997845532316e+02 1.028902671239513467e+02 1.111591245603322449e+02 1.136623706645252128e+02 9.936074989834719418e+01 7.972357563365237354e+01 7.972358462661931355e+01 9.367123165938281204e+01 8.942614766738105914e+01 8.127622933577667652e+01 7.125140556537928660e+01 5.973453855287352354e+01 3.988268122283214012e+01 3.798439193751077880e+01
7.403672071227373408e+01 5.442260445901646904e+01 6.060129316690607482e+01 4.088438149351491546e+01 6.060129316690607482e+01 6.870546975230739406e+01 6.295795696534094077e+01 8.258119307251452312e+01 9.400655004063513331e+01 8.561716977518905480e+01 8.298174322837022032e+01 9.137477191390145492e+01 8.125999982524891152e+01 6.755436993175455029e+01 5.710574703035435107e+01 3.744661100216459459e+01 5.675076531409463598e+01 3.853847535545974523e+01 5.079687403496510711e+01 6.550616686504143615e+01 7.755328115605357198e+01 8.562873000169552995e+01 9.586072382340782383e+01 9.775964117764473826e+01 9.775964117764473826e+01 1.060082514764946779e+02 1.053913641371326833e+02 8.560483708127794955e+01 8.547517081243955772e+01 6.630861539029062612e+01 7.643992532607524026e+01 7.328574995683285920e+01 6.215810015543635103e+01 6.352025848682094278e+01 4.379564458766926549e+01 5.973453855287352354e+01 5.499375666744717961e+01
