LEM/with_lateral_4open/elevation_000133.asc
nrows	100
cellsize	150.0
xllcorner	0
ncols	100
yllcorner	0
NODATA_value	-9999
[rows 0 to 16 of 100, columns 37 to 73 of 100]
8.884754177262699226e-02 6.929726548558100274e-02 7.395023591448830758e-02 4.828361932999872264e-02 4.897713358561925356e-02 8.568734790590110117e-02 1.075183056328203948e-02 6.823539046102447547e-02 7.194897206013613211e-02 1.557559815681563986e-02 7.704183385687686514e-02 1.685416958384493638e-02 9.680445094065920353e-02 7.639902522890137937e-02 4.559330980047965332e-02 5.839666421669215124e-02 9.739037529851846120e-02 3.670263267501718690e-02 2.041064012308905357e-02 6.895211126444661387e-02 9.031524355919069713e-02 1.560024811392830661e-02 7.641644294168103979e-02 3.888124420523987601e-02 6.873285589001959517e-02 4.772367030474261584e-02 9.504926490987847254e-02 5.760415539182907330e-02 9.666222459857021221e-02 9.627991409191682948e-02 1.286757495974483190e-02 9.381044340810595905e-02 7.584058927755046864e-02 1.435327048224320848e-02 5.777975670406795827e-02 2.716720951219454838e-02 4.735230246529398453e-03
2.008884754177227094e+01 2.986597095443465744e+00 2.007390600243553891e+01 6.372838939666784164e+00 2.004897713358526445e+01 1.422782297163697685e+01 2.001075183056292772e+01 5.841738082357257333e+00 2.007194897205977924e+01 1.071370231311503396e+01 2.007704183385652286e+01 2.001681577951417168e+01 7.093683440840534704e-01 1.995468490465275480e+01 1.420879345374243385e+01 1.420149063356958763e+01 2.009739037529816486e+01 8.201668441952348232e+00 2.002041064012273353e+01 5.232946024290716203e+00 2.009031524355883391e+01 1.001560024811401561e+01 2.007641644294132632e+01 1.991665691900812618e+01 2.006873285588966382e+01 1.738032179761773932e+00 2.009504926490952315e+01 2.004349233139184250e+01 5.260640020307148390e+00 2.009627991409156067e+01 2.001286757495939028e+01 1.009381044340801914e+01 2.007584058927719539e+01 2.001435326938256765e+01 2.005777975670371305e+01 1.754904060674916666e+00 2.000443597238451687e+01
2.593543480039870275e+01 5.935436218541395803e+00 2.593531208985315928e+01 1.303950560633350975e+01 3.303957135326288608e+01 3.422782297163767851e+01 3.187196497391109773e+01 1.187196497391247796e+01 3.187196497391109773e+01 2.431523839797377207e+01 3.658195209699132988e+01 2.132519487825504001e+01 1.322219776154722970e+00 2.131630587478255379e+01 3.441543314177310720e+01 3.423150942671696839e+01 3.648593969094505951e+01 1.820166844195252409e+01 3.063379879677334827e+01 1.057837435731919662e+01 3.063379879677334827e+01 2.415773587184521887e+01 3.829987149557491222e+01 3.418172697553519157e+01 2.343345074820012641e+01 3.434410039121670977e+00 2.343067115520195998e+01 3.328864088137326149e+01 2.525471058011253689e+01 1.342560677429605498e+01 3.342634266241445573e+01 2.423594606713830757e+01 3.837808115245928064e+01 2.425685855074705799e+01 4.254904060674927102e+00 2.174919284098493577e+01 1.589707749735326381e+01
2.898540600037048875e+01 8.985407625193463588e+00 2.898540470812652714e+01 3.303957126724425564e+01 2.458651102256071042e+01 4.458666650472461868e+01 3.894303278577465477e+01 1.894303278577782734e+01 3.894303278577465477e+01 4.417545379615796008e+01 3.199149658577233168e+01 2.191186239354275145e+00 7.188207009625362076e+00 1.713829514873613746e+01 3.624361331415904885e+01 4.737769937381258956e+01 4.648593969454380215e+01 3.234380406568397603e+01 3.672576924347060157e+01 1.661034799057997446e+01 3.672576924347060157e+01 4.415773587184592230e+01 4.591334070203829043e+01 2.609545624465917157e+01 5.905618291735034830e+00 2.304297779099921328e+01 1.755749730314342472e+01 3.729497000219923564e+01 3.974960455268030302e+01 1.975016502912820471e+01 3.975205598726834211e+01 4.423594605636446886e+01 4.017871394079244141e+01 2.017878048009739800e+01 6.036645673424430925e+00 2.603608698350871009e+01 3.589438106235327552e+01
1.433063246344190489e+01 1.530996294553016845e+01 2.898540600170445458e+01 4.898538885434862777e+01 3.613351697695777887e+01 5.287326133046486376e+01 4.722730402636693725e+01 3.049003816957013768e+01 4.722730402636693725e+01 4.792933622357705303e+01 3.720197219738680872e+01 2.241902323546793596e+01 3.060771274852787993e+00 2.265603484848994853e+01 3.089598740137909161e+01 2.722734812839026475e+01 4.740079879504903460e+01 5.234380406568934063e+01 4.392316513382558441e+01 2.369226249151066810e+01 4.392316513382558441e+01 5.165857886069095173e+01 3.179816724826285324e+01 1.767264227499261509e+01 7.673385244082315815e+00 2.761193994003814822e+01 3.726638986034786427e+01 4.535618988361914461e+01 4.731248413417667109e+01 2.730947145228448392e+01 4.731248413417667109e+01 5.974537764862708400e+01 3.974563602954859931e+01 2.784734223807734921e+01 7.847360594274809031e+00 1.451402726098200269e+01 3.451429438901030977e+01
1.833063246344183383e+01 3.530996057105018338e+01 2.530996294544127778e+01 4.530995819668008551e+01 5.613388350164252927e+01 6.442197661931191988e+01 5.877430939308204927e+01 5.049003816955670487e+01 5.047947055659145832e+01 3.946661842959620259e+01 1.951174240339399901e+01 1.857669774384393691e+01 3.674536327873822117e+00 7.435049811066188674e+00 1.117677119370964256e+01 3.091128509210378894e+01 4.550041147991915125e+01 5.379267413286486033e+01 5.233429058825236524e+01 3.536946122056726693e+01 5.233429058825236524e+01 5.228024043919086949e+01 3.249798922006502977e+01 1.842425404076781348e+01 9.484100162607152384e+00 1.551428165506386847e+01 2.965219566862159084e+01 4.964458201684369953e+01 5.560798918468103125e+01 4.145207582264654178e+01 5.560798918468103125e+01 5.049069422009181807e+01 3.974563602936671458e+01 1.974567657743623528e+01 9.745676585779822432e+00 2.974565630352506318e+01 2.520447806914552302e+01
2.318134496416841017e+01 4.318134131085947303e+01 4.530995819666755864e+01 3.795907355635406333e+01 5.795906071716407837e+01 7.064556393916419097e+01 6.224306956511463085e+01 5.619487858636833266e+01 3.674484772843452163e+01 2.289632659353510391e+01 1.311883534943429908e+01 4.542644972851364926e+00 2.326056921188547832e+01 2.636773483451555578e+01 3.089619923301944837e+01 1.897563148712242409e+01 2.540494822854313028e+01 3.444520113695435981e+01 5.444426452376739434e+01 5.616980896227342868e+01 6.386782707365674838e+01 5.601260689965490513e+01 3.788845749557788167e+01 3.142583141253482282e+01 1.143590029759777948e+01 3.143423705564580928e+01 2.551260986656896890e+01 3.964603985454412793e+01 5.964312417914330666e+01 6.146076136091677000e+01 5.943486457569423465e+01 4.220663810809582372e+01 2.220667936486891492e+01 1.686145452662021782e+01 1.169747673167690571e+01 3.169745425487872126e+01 4.520594547640335037e+01
2.921157185572357662e+01 3.732348052204267219e+01 5.732346827349710594e+01 5.210120833561793319e+01 6.624321961464433173e+01 6.224306956511463085e+01 4.236605261636953657e+01 4.818789609086057624e+01 4.612217241763856634e+01 2.586848131951910545e+01 2.401064264020033079e+01 5.151043419681515800e+00 8.876696740109505157e+00 2.816682979078748872e+01 3.877601682549383355e+01 3.914566802886302099e+01 4.550041147991915125e+01 5.379267413286486033e+01 5.077176164086237975e+01 7.078502843159462543e+01 6.207992552306637890e+01 5.091762224202084042e+01 4.284629026350445713e+01 3.341467477831110244e+01 1.341619533771529404e+01 3.341467477831180588e+01 4.550305024925997799e+01 3.964603985454412793e+01 5.964312417914330666e+01 6.529284957711175252e+01 4.529307986817288167e+01 3.115095126599626951e+01 4.220663810693097417e+01 3.382967805613083812e+01 1.382948389523302879e+01 3.356946376639074003e+01 3.107240011177798777e+01
3.815584376564873992e+01 5.732346827360878194e+01 6.560763360601310978e+01 7.210116738341953635e+01 6.482181056910715711e+01 5.643409373917077687e+01 4.818169849470966426e+01 2.828188366108511076e+01 3.872100265770780680e+01 2.635099183084285812e+01 5.998548818014472594e+00 2.278214788533567869e+01 2.683594391612709629e+01 1.441962063386332282e+01 1.876240153670050503e+01 3.877601682549387618e+01 5.457424500049891947e+01 6.602455538708822758e+01 7.078502843159462543e+01 6.944219079610427059e+01 5.407193045182030744e+01 3.438140162089743512e+01 2.285931896843240807e+01 1.885945056297546429e+01 1.577321760915420334e+01 3.577149428887665294e+01 4.748685868605513605e+01 5.964312417914330666e+01 6.795031467468020026e+01 7.115045247114773019e+01 5.115087679262781251e+01 4.269795538473764651e+01 5.943482946849045589e+01 4.211407469965490691e+01 3.382967660060191406e+01 1.693408599805917447e+01 3.107648970300522961e+01
4.970284912188607507e+01 6.644000535399413820e+01 7.148438405110390192e+01 6.687439637160969141e+01 5.643409373917077687e+01 3.643713019052329116e+01 4.067770727297439493e+01 2.060914571815749241e+01 2.843513327940628344e+01 8.675164791075035353e+00 6.586110537377733110e+00 2.604312870754692355e+01 3.361400555415885094e+01 3.405819041710237371e+01 3.877601681012404811e+01 2.630614156540016424e+01 3.797713754345399195e+01 5.779569069866094821e+01 7.506429352610631156e+01 6.108540204285709052e+01 4.106374285632718824e+01 2.952472952250555238e+01 4.286187561856044681e+01 3.885884449195363288e+01 3.577149428887665294e+01 1.917823609519907180e+01 3.917616838420792647e+01 5.114196017567459762e+01 6.079533583010726261e+01 6.914301819131243576e+01 7.098155236274399726e+01 6.269778044355098245e+01 6.271436770278727835e+01 4.271110303498766569e+01 3.922932327458433122e+01 1.922824333676710751e+01 3.077536587566167725e+01
6.970282680774781170e+01 6.567675459022736106e+01 5.138990781026168264e+01 4.682273632304747224e+01 4.852287472581213024e+01 4.229410521078192886e+01 2.217818009397260326e+01 1.393239125944596424e+01 1.164696660453427413e+01 2.564700130979188586e+01 2.185085079054242030e+01 7.432047411583852181e+00 1.625482566779739102e+01 3.748074531186126990e+01 5.454552192796698051e+01 4.635344369955328858e+01 3.712426374619966651e+01 4.709963495964658620e+01 6.680356814067559412e+01 6.589758345216768021e+01 4.584817708180347040e+01 3.555218983444184744e+01 5.555984745093510924e+01 5.182829195902509412e+01 3.182352809185804787e+01 3.917616838420792647e+01 2.282966870677937621e+01 4.282720169095361484e+01 4.077740188872470384e+01 6.079533583010726261e+01 7.653156463741156301e+01 6.607869889719771095e+01 5.607711632921445499e+01 4.271110402671422435e+01 2.270979645620634813e+01 3.922932327737059666e+01 3.337069895099936900e+01
6.290326270360116467e+01 4.880234034593664205e+01 3.731293987432663073e+01 3.268341359651183353e+01 2.845383720765767066e+01 3.831559904528077709e+01 1.810179120307966727e+01 3.408181317074541283e+01 2.559565372790730109e+01 3.650004666899019412e+01 3.210856170661358533e+01 2.311300103359254976e+01 8.280649005631353532e+00 3.053381451820934700e+01 4.765781356688205506e+01 5.591135686623555756e+01 5.695160155016107950e+01 6.517729367315126865e+01 7.506429352610631156e+01 7.426787638140851300e+01 6.223325001229829923e+01 4.221304232820875058e+01 6.223325001229829923e+01 6.015875932527364256e+01 4.595861282746168541e+01 5.114196017567459762e+01 4.282720169095361484e+01 2.664331436962086030e+01 4.664051899481125218e+01 4.812624605964824553e+01 6.816757984587975727e+01 5.779315484023195637e+01 3.778995410039114233e+01 2.778980177843276422e+01 2.630190250291223109e+01 4.630349629921362009e+01 5.337329358417746050e+01
5.987169832958149129e+01 4.580623997872134368e+01 5.727544403106891480e+01 5.269573145865111741e+01 4.284649371755834579e+01 2.268914291143645556e+01 2.984217919220636617e+01 4.664248374506428263e+01 4.574312224583180608e+01 4.448357163634403122e+01 2.889690776276243511e+01 9.146589491378655623e+00 2.816594940484890941e+01 3.512692876254794072e+01 2.784474119549216908e+01 4.184507506681419642e+01 6.169242939679050153e+01 6.138599641450775124e+01 6.967035737561646158e+01 8.120324146803470455e+01 7.059392260890695070e+01 5.220148158764938984e+01 7.059392260890695070e+01 7.435890582308569208e+01 6.550879663907683437e+01 4.548525028813850213e+01 3.732813899970368254e+01 3.241541393212553857e+01 3.180621449434265458e+01 4.593737049057970978e+01 6.596695142256675126e+01 6.607862253903955718e+01 5.179199120059652728e+01 3.178980261030550380e+01 4.630349629921362009e+01 3.164712859648022558e+01 4.319458492902681002e+01
5.837063005379118152e+01 5.726574767607520045e+01 6.567086352806066429e+01 4.532834147512258482e+01 3.100237811822098877e+01 4.284649371755834579e+01 4.988100767902893296e+01 5.821377478462839150e+01 5.012796571634961396e+01 3.112969127372575784e+01 1.825767099454278863e+01 9.771181753116545465e+00 1.461027590852286906e+01 1.526715025824609206e+01 3.512692878345232117e+01 4.484309845290431440e+01 4.993561363200335279e+01 4.155335166909820543e+01 5.295356017898475187e+01 7.290491852802463768e+01 8.065308262263222616e+01 7.226501843694720151e+01 8.065308262263222616e+01 7.971962022962664207e+01 5.962248077537957158e+01 6.136189100537770713e+01 4.135258355122543605e+01 5.241345667534215380e+01 3.588701960670213964e+01 5.001607845543602338e+01 7.005798935343541700e+01 7.010851473077667606e+01 5.010353258796431675e+01 3.596009462638441789e+01 5.573234139829976641e+01 3.572961513735566541e+01 5.573234139789454389e+01
7.858800816679338652e+01 7.146684903255690813e+01 6.403914258585125197e+01 4.287085560369899184e+01 4.532834147512258482e+01 5.975575645942839742e+01 6.085464404672348593e+01 5.259499785177506936e+01 4.511891778819464349e+01 4.475192191094034655e+01 3.641835926657224576e+01 2.955591521821318324e+01 1.068291298067920891e+01 3.049489012201597404e+01 2.067949573319873124e+01 2.507517597491942496e+01 3.021238715304428268e+01 3.762822120665242664e+01 4.745927024992729315e+01 6.150776218395859019e+01 8.151764454780078495e+01 9.211642785564525582e+01 9.796435392893708638e+01 8.811153743513274605e+01 7.971962022962664207e+01 6.844284406859223679e+01 4.841488435554147429e+01 6.025122239901648413e+01 4.024826047516840077e+01 5.178043371067258960e+01 7.182253493738411976e+01 7.458191436545608610e+01 5.457626308289644612e+01 4.043224735882963472e+01 6.043578267193397835e+01 4.058034902151981527e+01 4.987302881673414134e+01
9.628490560821319377e+01 9.193337148285975502e+01 7.283251540537074220e+01 5.553585581407154592e+01 6.567086352806066429e+01 6.405748819346449352e+01 4.420387254054733717e+01 3.281511829113409107e+01 2.507384458452868969e+01 3.566957123994992429e+01 3.145259794568078959e+01 1.163437877688945754e+01 3.049350238594681173e+01 3.871114977080041797e+01 2.960501509346685367e+01 4.484309845290431440e+01 4.120490344287104278e+01 5.741389564375496946e+01 6.569199759324990850e+01 7.566380729650222747e+01 8.624382786188874661e+01 7.210389434817960819e+01 7.796542970379333326e+01 9.625660841659593814e+01 8.266436641552826359e+01 6.255209663489939231e+01 6.255209663489939231e+01 6.525409371814149040e+01 4.524260844164130191e+01 6.525409371814149040e+01 8.019620289744597130e+01 6.774063230396420465e+01 4.773547771694359199e+01 6.043578268150480426e+01 6.558508253884993167e+01 4.558043229682651543e+01 6.558508253884993167e+01
7.626205044478564332e+01 8.358539464412591258e+01 8.764290379204089732e+01 7.949308769275955910e+01 8.086235250931248686e+01 7.234197715071971402e+01 6.085464404672348593e+01 5.029064417277221111e+01 3.566959873110736368e+01 1.579335268071616660e+01 1.260086951780182218e+01 3.145261013970915798e+01 2.567268870199710307e+01 4.550858052881891069e+01 4.098599575434118947e+01 5.762103853403645104e+01 6.103120983229229068e+01 6.930960725664989752e+01 8.169737270430496778e+01 7.341290369700729457e+01 6.941676852167134371e+01 5.791698906971533489e+01 6.795189300343186289e+01 8.798004744744046945e+01 9.106403282097122087e+01 8.266436641552826359e+01 8.266436641552824938e+01 7.282792085892423017e+01 5.278945777142178031e+01 5.677342278413207310e+01 7.683890565513485171e+01 7.328942053412032465e+01 5.328298005360127831e+01 7.328942053412032465e+01 7.113375199431079920e+01 5.112773976204611870e+01 7.113375199431079920e+01
