LEM/with_lateral_4open/elevation_000134.asc
nrows	100
cellsize	150.0
xllcorner	0
ncols	100
yllcorner	0
NODATA_value	-9999
[rows 0 to 16 of 100, columns 37 to 73 of 100]
8.884754177262699226e-02 6.929726548558100274e-02 7.395023591448830758e-02 4.828361932999872264e-02 4.897713358561925356e-02 8.568734790590110117e-02 1.075183056328203948e-02 6.823539046102447547e-02 7.194897206013613211e-02 1.557559815681563986e-02 7.704183385687686514e-02 1.685416958384493638e-02 9.680445094065920353e-02 7.639902522890137937e-02 4.559330980047965332e-02 5.839666421669215124e-02 9.739037529851846120e-02 3.670263267501718690e-02 2.041064012308905357e-02 6.895211126444661387e-02 9.031524355919069713e-02 1.560024811392830661e-02 7.641644294168103979e-02 3.888124420523987601e-02 6.873285589001959517e-02 4.772367030474261584e-02 9.504926490987847254e-02 5.760415539182907330e-02 9.666222459857021221e-02 9.627991409191682948e-02 1.286757495974483190e-02 9.381044340810595905e-02 7.584058927755046864e-02 1.435327048224320848e-02 5.777975670406795827e-02 2.716720951219454838e-02 4.735230246529398453e-03
2.008884754177227094e+01 2.986597095443465744e+00 2.007395023395602962e+01 6.372838939666784164e+00 2.004897713358526445e+01 1.422782297163697685e+01 2.001075183056292772e+01 5.841738949860263652e+00 2.007194897205977924e+01 1.945357521387482436e+01 6.901811733418424799e-01 1.994928234424322255e+01 2.008271356277830932e+01 2.007639363629997220e+01 1.418772894798191508e+01 1.420053228860507843e+01 2.009739037529816486e+01 8.201668441952348232e+00 2.002041064012273353e+01 5.232929906207691495e+00 2.009031524355883391e+01 1.001560024811401561e+01 2.007641644294132632e+01 2.003887583268685191e+01 2.006873285588966382e+01 1.726086386898122660e+00 2.009504926490952315e+01 2.005760353058661138e+01 5.260640019541814816e+00 2.009627991409156067e+01 2.001286757495939028e+01 1.088269511038415338e+01 2.007584058927719539e+01 2.001435327048188739e+01 1.785565419472405546e+00 1.998909416154780416e+01 2.000473521699679225e+01
2.593543621847861047e+01 5.935436218541395803e+00 2.593543621304555202e+01 1.303950560633350975e+01 3.303950560924448610e+01 3.422782297163767851e+01 3.187814255750716441e+01 1.187198021973505568e+01 3.187042203537576768e+01 2.887355272923878147e+01 2.069311054646570369e+01 1.558516163447856595e+00 1.006223010808791507e+01 2.868652979328395958e+01 3.418774123190360825e+01 3.420053376032006298e+01 3.648593968941551680e+01 1.820166844195252409e+01 3.057815721199875370e+01 1.057815474445622606e+01 3.057815721199875370e+01 2.415773587184521887e+01 3.829987149557491222e+01 2.653025698589014425e+01 4.125133932007172710e+00 1.631441580037195038e+01 2.718005722678782732e+01 3.354469632010686553e+01 2.526063975701413966e+01 1.342560582881914577e+01 3.342560586147154567e+01 2.444494007626410692e+01 3.718020069623975132e+01 2.353230248789261125e+01 3.520083860192094072e+00 2.353185942206989978e+01 3.818595583001572891e+01
2.898540762512151048e+01 8.985407625193463588e+00 2.898540762506429402e+01 3.303950560924067759e+01 2.458651099012623220e+01 4.458651099701364018e+01 3.895248162620121235e+01 1.894322911465519610e+01 3.895248162620121235e+01 3.776261975255533798e+01 1.787761378042220173e+01 2.152955991512542155e+01 2.429729835836381024e+00 1.867798705936716885e+01 3.578685181191689679e+01 4.897060644127607532e+01 4.648593968941879240e+01 3.234380406568397603e+01 3.660838687652659473e+01 1.660838163601160389e+01 3.660838687652659473e+01 4.415773587184592230e+01 3.996657511358526449e+01 1.996521259931189363e+01 5.833865808899711958e+00 2.518523230860920492e+01 2.546275333411511355e+01 4.235395739089105405e+01 3.975016112463423923e+01 1.975016114915601761e+01 3.975016123317221428e+01 4.426395919970917703e+01 3.470069205718967709e+01 5.933816617982167863e+00 1.091852529799440674e+01 2.634265019335953184e+01 4.170880655950396942e+01
1.433063246344190489e+01 1.530996294553016845e+01 2.898540762512158864e+01 4.898540762363999335e+01 3.613351637391915716e+01 5.287078431694708058e+01 4.724106627600694708e+01 3.049333484211105016e+01 4.724106627600694708e+01 4.587182050368227237e+01 3.159153486549798728e+01 2.173525159964393083e+01 3.046356341217023811e+00 6.730493474284235056e+00 3.020655613008105078e+01 2.920659765200514357e+01 4.897060746400983078e+01 5.234380406568467947e+01 4.367946061546889780e+01 2.367944944787720374e+01 4.367946061546889780e+01 5.562973397562944911e+01 3.611172984532495178e+01 2.210900633371521806e+01 2.502549174300929025e+01 8.324292863577150925e+00 2.424844952958210342e+01 4.674650858493293271e+01 4.730945074440726472e+01 2.730945060934069701e+01 4.730945074440726472e+01 5.810121692966379214e+01 3.439304485283307145e+01 2.650846310716225318e+01 8.222322783903441845e+00 1.382846318923495410e+01 3.345114400187441106e+01
1.833063246344183383e+01 3.530996294542504188e+01 2.530996294552999260e+01 4.530996294531969681e+01 5.613351639021468742e+01 6.441779113528525613e+01 5.879529183521881208e+01 5.050789102760985827e+01 4.642008259830829076e+01 3.803135960263254844e+01 2.519353852090118906e+01 3.929389641967182545e+00 1.996563720309693224e+01 1.395142433106931001e+01 1.266110008607992476e+01 3.283336023189237807e+01 4.716490779237971509e+01 5.531187122384379506e+01 5.196403576823787773e+01 3.522645483640496167e+01 5.196403576823787773e+01 5.851652993709701178e+01 3.936527617517281641e+01 2.541824351241295332e+01 3.003939244724808688e+01 1.012055100802124485e+01 2.425899733111343792e+01 4.427659624252455473e+01 5.559373383175159233e+01 4.145158623343196780e+01 5.559373383175159233e+01 5.479794670710295179e+01 3.934069025561382205e+01 2.091686359714123711e+01 9.828777962330752516e+00 2.906140843895492054e+01 2.416419489741354454e+01
2.318134496416841017e+01 4.318134496400669065e+01 4.530996294531969681e+01 3.795907358620306127e+01 5.795907358563106015e+01 7.193427992250211389e+01 6.374396889758111939e+01 5.228026481662260494e+01 3.223842658211033552e+01 1.809559887074429341e+01 2.137968549441393407e+01 4.554720055677874413e+00 2.442465364300372599e+01 2.970987344727210910e+01 3.283126649083516213e+01 2.103829729071627952e+01 2.757726084949966605e+01 3.638362882009156607e+01 5.588714570205814169e+01 5.522650613369014394e+01 6.351111553974273249e+01 6.401616545829604377e+01 4.497453066346635353e+01 3.281064022220275689e+01 1.280563850184794816e+01 3.012169676471876301e+01 2.011555990455042320e+01 3.426214016116615824e+01 5.429105232388292279e+01 6.145158669334780654e+01 6.523902210446347283e+01 4.666198110124065579e+01 2.671677547387241702e+01 3.090012255987644707e+01 1.144356666405277778e+01 3.094856866958241426e+01 4.411564002678750285e+01
2.921157185572357662e+01 3.732348058789885670e+01 5.732348058734689999e+01 5.210120920993327331e+01 6.624334472861720258e+01 6.374396889758111939e+01 4.383791396103758586e+01 4.966826246527920574e+01 4.211000363557880632e+01 2.183492580924922777e+01 5.450189333682553539e+00 2.456538409503977149e+01 1.071028119472473783e+01 3.064855120627029805e+01 4.197608880584596847e+01 4.097074995810621800e+01 4.716490779237971509e+01 5.531187122384379506e+01 5.226881032755624545e+01 7.198689183685384307e+01 6.373380386711718160e+01 5.217051534018841608e+01 4.388097571985206713e+01 3.477232749649229504e+01 1.476700312490711475e+01 3.477232749649229504e+01 4.012847271383615322e+01 3.426214016116615824e+01 5.429105232388292279e+01 7.109201897933354530e+01 5.150519423687228482e+01 3.740489430079036737e+01 3.778249362693463098e+01 1.785946922183588015e+01 1.324405545736484946e+01 3.306712409333277947e+01 3.247425955399431530e+01
3.815584376572241609e+01 5.732348058734690710e+01 6.560775173614088374e+01 7.210120920798283350e+01 6.592022993723365687e+01 5.771475501299306643e+01 4.966826219087877092e+01 2.985285297243576608e+01 3.638152905032914930e+01 2.088862305449695711e+01 7.786655798559952046e+00 6.384572323320483633e+00 2.853116383480947604e+01 1.716061240302970958e+01 2.197946031705118486e+01 4.197608880584596847e+01 5.811979619179884082e+01 6.968463933974707913e+01 7.198689183685384307e+01 7.006785201098132632e+01 5.545343847211719179e+01 3.540934814886077930e+01 2.385355983053927176e+01 2.001259995400302572e+01 1.712314528160012372e+01 3.713017903640024997e+01 4.883616744738051807e+01 5.429105232388292279e+01 6.260000294600871484e+01 7.343566060310888588e+01 5.368506111434776074e+01 5.188109203190518315e+01 3.192589890853106382e+01 3.778222907759767679e+01 3.306713561433355153e+01 1.619464439427966695e+01 3.614635757629852719e+01
4.970284914951452038e+01 6.644011492120759499e+01 7.321501086201668329e+01 6.839597459122803969e+01 5.771475501299306643e+01 3.784552108804263781e+01 4.217874225996613546e+01 2.266147505079621638e+01 2.999223505763552922e+01 1.106368813754675529e+01 2.622011476167104860e+01 7.046108941663057124e+00 2.718809569854358799e+01 3.712619125928187458e+01 4.197608880584530056e+01 2.979456954464987106e+01 4.135667467195168712e+01 6.142262241595165762e+01 7.883090608135735522e+01 6.179134395416270564e+01 4.174965204763362436e+01 3.017389403841006512e+01 4.388097641396976201e+01 4.002666920024766739e+01 3.713017903640024997e+01 2.052206358907036332e+01 4.053790160178728286e+01 5.249360450421178825e+01 6.219689983694930646e+01 7.048614859642685815e+01 7.343377650497643572e+01 6.053744731846774840e+01 5.221680456081325161e+01 4.968111302328867396e+01 3.840223762020767140e+01 1.839430598336733169e+01 2.594061927333597950e+01
6.970284914852359748e+01 6.735997890986982384e+01 5.334509822786397848e+01 4.848731487633423853e+01 4.995865735975967681e+01 4.366508496767883685e+01 2.409031537901604025e+01 1.658933160688883035e+01 1.430103984346337853e+01 2.999211161226214983e+01 2.768551747643131478e+01 7.708795423224247934e+00 1.923708746971431083e+01 3.338967820726820435e+01 5.341227954397542987e+01 4.983754208440828393e+01 4.049641444591892991e+01 5.053900174256799716e+01 7.058950422878093889e+01 6.657581986726600576e+01 4.654444135383764092e+01 3.572998795279406181e+01 5.578170316294360020e+01 5.321627585829268270e+01 3.317000601899217571e+01 4.053790160178728286e+01 2.416321888484862157e+01 4.419522965963270167e+01 4.214568762735495966e+01 6.219689983694930646e+01 7.784771194732562094e+01 6.410544442400478715e+01 5.407342773754805165e+01 4.189385033704462558e+01 2.185900626513174672e+01 3.838919054164060185e+01 3.472643359101145677e+01
6.487226088592720430e+01 5.075442753876763646e+01 3.918234490198032205e+01 3.433932858826711509e+01 3.000696263245112405e+01 3.971477790861831636e+01 2.032960226458877528e+01 3.567371874688320332e+01 2.753154718596453776e+01 4.142558516196304197e+01 2.836987736516612912e+01 8.373261129511183398e+00 2.249726206102775450e+01 4.250530406101677272e+01 4.792046559517919491e+01 5.622194589897495831e+01 6.056425298567445026e+01 6.882820737603771022e+01 7.883090608135735522e+01 7.484815384172591735e+01 6.182567364009299382e+01 4.178048715542598046e+01 6.182567364009299382e+01 6.151035827956803104e+01 4.734575806805069220e+01 5.249360450421178825e+01 4.419522965963270167e+01 2.796888172009708740e+01 4.801855171253470189e+01 4.952047354058439765e+01 6.956302896066979713e+01 5.579151838074285763e+01 3.573061631432916130e+01 2.570912059362361646e+01 2.853141561168093787e+01 4.855606057074787429e+01 5.475478556029989363e+01
6.277014421138181177e+01 4.863257024355948488e+01 5.916486089684054406e+01 5.431842630248593906e+01 4.407525780602188803e+01 2.431140282307309164e+01 2.330337697668822727e+01 4.665006574791568283e+01 4.711964422083892856e+01 4.464496290168501957e+01 2.903125987299172905e+01 9.038992852265460343e+00 2.903069918327600263e+01 3.525521954721619267e+01 2.789495327600496566e+01 4.204466033379791412e+01 6.210591441010419089e+01 6.160038023449517652e+01 6.989363928341208521e+01 8.145981492901984211e+01 6.890842272015567005e+01 4.887720081260523131e+01 6.890842272015567005e+01 7.567495849108534856e+01 6.692223645519032971e+01 4.687675772955005016e+01 3.868313547359519333e+01 3.374868166395596347e+01 3.313707466002035318e+01 4.732718234082396691e+01 6.737260595991055823e+01 6.410544435995932133e+01 4.866491836083669398e+01 2.859914062536693180e+01 4.855669572167406045e+01 4.010368114220476343e+01 5.166863001231970998e+01
6.129009493875109627e+01 6.855610717004208254e+01 6.567732745713931308e+01 4.578129209425943458e+01 3.166133178671130821e+01 4.407525780602188803e+01 4.929328443734080878e+01 5.800955799678268932e+01 5.030836439699633189e+01 3.064124224142290132e+01 1.766746462322513977e+01 9.705458401899676346e+00 2.487583244265903915e+01 1.528184141104877725e+01 3.525521954721708795e+01 4.468275132370190050e+01 5.001746789996425946e+01 4.153818757147139706e+01 5.312858632187504782e+01 7.317306593476057230e+01 7.719459712702746401e+01 6.045290240448046148e+01 7.719459712702746401e+01 8.108354956155540094e+01 6.105642850552202816e+01 6.277713790244440162e+01 4.272523934457013439e+01 5.380965625177704226e+01 3.723205847013721126e+01 5.142406041138288941e+01 7.146304696057949002e+01 6.625815894822584085e+01 5.128258462193234379e+01 3.155232535068585875e+01 5.163389217763457140e+01 5.995219752928146306e+01 6.805601755385123397e+01
8.106261343568579036e+01 7.296992087815728212e+01 5.319146388026002370e+01 4.164050255580252013e+01 4.578129209425943458e+01 5.981199894756452551e+01 6.537670630530659821e+01 5.534576405891532858e+01 4.704633778122070709e+01 4.464518798059415872e+01 3.628607870312397665e+01 2.969799587790771511e+01 1.065167561722444489e+01 3.064609986197623570e+01 2.051317739165649101e+01 2.466822749216965960e+01 2.999188920124375102e+01 3.814247154704521847e+01 4.815580882917271310e+01 6.226305592068791839e+01 8.208449938952544755e+01 8.046366685650669126e+01 8.877135089658474953e+01 8.936116483424756041e+01 8.108354956155540094e+01 6.986236245973420012e+01 4.982232113697803300e+01 6.166956819184224514e+01 4.161518812441047288e+01 5.320182775128768782e+01 7.323671674629274264e+01 5.872871679838886649e+01 3.789466473127944823e+01 5.038103478925619783e+01 3.759848305892118248e+01 5.766484615363173560e+01 7.011091981161136744e+01
9.655081674778260492e+01 8.110348851424173233e+01 6.969346165021148920e+01 5.318910863360271435e+01 6.567732745713931308e+01 7.127954611322181222e+01 5.122232336080771375e+01 3.699427836813904946e+01 2.723364259494819706e+01 3.645621996967732770e+01 3.161598883816099104e+01 1.161927350634221234e+01 3.064609980053380411e+01 3.894690709526140893e+01 2.942902923041817687e+01 4.468275132370190050e+01 3.621684434250101248e+01 5.651506799791399516e+01 6.634307052254604287e+01 7.629001423565617301e+01 8.944251912881864541e+01 8.118846341101783537e+01 8.942116677751944565e+01 9.939262418272610944e+01 8.402102468651821709e+01 6.399765254034061002e+01 6.399765254034061002e+01 6.668055362521518248e+01 4.663661189172341892e+01 6.668055362521518248e+01 8.151968875436186579e+01 6.295373198006180360e+01 4.276568157141123550e+01 6.234352045078189519e+01 5.770178470573550555e+01 4.411349647665300466e+01 5.421094256045351756e+01
7.653085861579111793e+01 8.604908756406264558e+01 8.089694204376445441e+01 7.288476855674566934e+01 7.323245013681469118e+01 6.115107627559087433e+01 5.260180558382085536e+01 4.541416136598281383e+01 3.645621997089457267e+01 1.786886209860560726e+01 1.258974490639173638e+01 2.820098823487343864e+01 2.582474564498581415e+01 4.595217402437947385e+01 4.098079306002856015e+01 5.778139627609788675e+01 4.788949173270006554e+01 6.512901930778878068e+01 8.343823032665021344e+01 7.518627824431312945e+01 7.182654351083792221e+01 6.132743683291551662e+01 7.124949032650566494e+01 9.112928987610837339e+01 9.229695201363051638e+01 8.402102468651821709e+01 8.402102468651821709e+01 7.425180062760810529e+01 5.422016394463317823e+01 5.821573523624014257e+01 7.824371058297687398e+01 6.840261673436772583e+01 4.814380661395102834e+01 6.840261673436772583e+01 6.979114722638063029e+01 4.968803010381292040e+01 6.979114722638063029e+01
