LEM/with_lateral_4open/elevation_000482.asc
nrows	100
cellsize	150.0
xllcorner	0
ncols	100
yllcorner	0
NODATA_value	-9999
[rows 68 to 84 of 100, columns 0 to 36 of 100]
5.009162696260269221e-02 2.005009162696224578e+01 3.075630973365194265e+01 2.727210090086157024e+01 3.403059034745610489e+01 3.692471830131820809e+01 2.695818782942837899e+01 4.591170398588462120e+01 4.561012100505226385e+01 5.143665234259425745e+01 5.847060628151498918e+01 7.837107731617379613e+01 7.683621925311319956e+01 5.872284216287183511e+01 7.683621925311319956e+01 8.175841892703542158e+01 8.995596495065736065e+01 9.524452415726455001e+01 8.708199797950967991e+01 8.451626984803282028e+01 9.268311986642019917e+01 8.927721125553397030e+01 6.952841154271096968e+01 4.941424931272780441e+01 5.590677931388872679e+01 7.595775515733832606e+01 8.998069673860523210e+01 9.816947831343456699e+01 9.930811615110152957e+01 8.721846976749742453e+01 6.728987608479695837e+01 8.721846976749742453e+01 9.394557418631046630e+01 9.203012656505725886e+01 7.801355121387886982e+01 8.319195116202733686e+01 6.337086840440439062e+01
4.695337527364121244e-02 2.004695337527328647e+01 3.800086216118827309e+01 4.557391031035743367e+01 4.956752377211184779e+01 5.441746048639642908e+01 3.450481044022504307e+01 5.441746048639642908e+01 6.550322129321048692e+01 7.133767676157891913e+01 6.985408830879119080e+01 6.163082707479412647e+01 6.834818666366986406e+01 4.876550239901909833e+01 6.774731719490655735e+01 6.194372883366965965e+01 8.175841892703542158e+01 9.166135526951858026e+01 8.347201343330772261e+01 9.166135526951858026e+01 9.511351885691169628e+01 7.526032168991169158e+01 6.107558413760391147e+01 5.482068362418362284e+01 7.489295052175299361e+01 6.863689493126605612e+01 8.018292517186903012e+01 9.999192328047431033e+01 1.012036994683905959e+02 8.142559795248449461e+01 8.142559795248449461e+01 9.539694133681155108e+01 9.222398187125834568e+01 8.381145717971476472e+01 6.399788182291508321e+01 7.128025183594068892e+01 6.576453000781782521e+01
7.614146464036156137e-02 9.124566705358958529e+00 2.142261228714753685e+01 3.819262103379512041e+01 6.149684582567717683e+01 6.266729540165115964e+01 4.858949843394094614e+01 6.266268628119576789e+01 6.750069693335254328e+01 5.914019783489083437e+01 5.836729386037207234e+01 4.172556595522642908e+01 4.847422940887369691e+01 4.121562322461694094e+01 4.787559140937930380e+01 6.194372888341992933e+01 8.175845815614395917e+01 8.174442760285465681e+01 6.361204806298043479e+01 8.174442760285465681e+01 9.188546874372067919e+01 8.927721125553397030e+01 8.107518851189242071e+01 6.491634896999153170e+01 6.491634896999153170e+01 8.486955207351432762e+01 9.674399406578358196e+01 1.081694415216005467e+02 1.093682847211386218e+02 1.012036994683905959e+02 1.012036994683905959e+02 9.799627170165837242e+01 7.821417714135081667e+01 6.420917725162560430e+01 5.716600469792771833e+01 5.139995082744840005e+01 4.692665053263579722e+01
2.352828262072655108e-02 2.002352828262037221e+01 3.138836977704140097e+01 3.805503716079158494e+01 4.633937120160929624e+01 5.633951467346881969e+01 6.848740551442996605e+01 6.434200403925113676e+01 5.905693862824198703e+01 3.900331956976958026e+01 4.480686278901676189e+01 3.019030359501824279e+01 3.435723084159019436e+01 5.429526356464851489e+01 6.774731719490655735e+01 6.914697023571324053e+01 7.112496163304305696e+01 6.290960781604614027e+01 5.365032136119793194e+01 6.383335338021409200e+01 8.369102533731151539e+01 1.032655083194193537e+02 9.306067366948597908e+01 7.906633531950994609e+01 7.906633531950994609e+01 7.906633531950994609e+01 9.887975666642259398e+01 1.131349902292094924e+02 1.048350035249006993e+02 1.074424382450810356e+02 1.157381009918057657e+02 9.799627170165837242e+01 7.821417714135081667e+01 7.700820033096404416e+01 7.700820033096402994e+01 7.128025183594068892e+01 5.409406029716173947e+01
6.786455232800275850e-02 5.614866514580318047e+00 1.138836920647662687e+01 1.805503587314341019e+01 2.805503587314727909e+01 4.805504065086456222e+01 5.848123614962299399e+01 4.439146973008558206e+01 4.830540726292019116e+01 3.969028519285860312e+01 2.485365424752211894e+01 4.480649284591683568e+01 5.429516668854882511e+01 6.251504784582934349e+01 6.328683394139322616e+01 4.922725212699119623e+01 5.767544805619801451e+01 4.298225992453893696e+01 4.756714635376561517e+01 6.747751654736447335e+01 7.527758874541994771e+01 9.008879326498586693e+01 9.894724754795487343e+01 9.887975666642259398e+01 9.887975666642259398e+01 9.887975666642259398e+01 1.070550120194620547e+02 1.015240832743943713e+02 8.469419273897989342e+01 8.731006555698284899e+01 1.074424382450810356e+02 1.062337866011659315e+02 9.799627170165837242e+01 9.681028193418586625e+01 8.797003595800265430e+01 6.815737136364820969e+01 7.396036646995992214e+01
3.257643153035955086e-02 2.003257643153000345e+01 3.138836977704140097e+01 3.805503716079158494e+01 4.633937120160929624e+01 5.633949660428572059e+01 5.023475925848821078e+01 3.026444185872662729e+01 3.760423540040829238e+01 2.008094251030004429e+01 2.213038600726626370e+01 4.209997003341425881e+01 4.714630647847648248e+01 4.928618576593932232e+01 5.147681082716133716e+01 3.509873028845132126e+01 3.772735837282126425e+01 5.767615824929457347e+01 6.747699106481942977e+01 5.539055141958384354e+01 6.203179425649159384e+01 7.093435546529886437e+01 8.498192285658102207e+01 1.047518202874238540e+02 9.790428033068806712e+01 9.899301082349902003e+01 9.309425799326537287e+01 9.320670099595204761e+01 7.300660017255228240e+01 8.417294127725764952e+01 9.250606330067584793e+01 1.058245615565930962e+02 9.751618299431322612e+01 1.023237686220495846e+02 9.619571963754818000e+01 8.797003595800265430e+01 8.534331271659719675e+01
1.880098487986705744e-02 2.001545806591193966e+01 3.750677428107055533e+01 4.557973497132175567e+01 4.588498242148789075e+01 3.761348645552419612e+01 4.587147457582328514e+01 3.760433562982218803e+01 1.762985788808504495e+01 3.523153150746847473e+01 4.209999068807520928e+01 2.507279329555235847e+01 2.717552523418045851e+01 2.931455384449323986e+01 3.150630403114069011e+01 5.147659553477528505e+01 5.767580647185467768e+01 4.338640157884155713e+01 6.329477395865805534e+01 7.527553777192734685e+01 8.190046429785289206e+01 9.008879326498586693e+01 9.894724754795487343e+01 9.182274860014535989e+01 7.730820363354557401e+01 7.876552706268581971e+01 7.283037237964492761e+01 8.712586845642493927e+01 8.417294127725764952e+01 6.385841144960446769e+01 8.417294127725764952e+01 9.419835171270769081e+01 7.734627979655098784e+01 8.217342745368969759e+01 1.023237686220495846e+02 9.249935300756214929e+01 8.427682042451078814e+01
2.900726248362994752e-02 2.002900726246938135e+01 1.763393623065097060e+01 3.436876174338513579e+01 2.628538675112629974e+01 1.761905187884354262e+01 3.575046762035412939e+01 4.105062754314531048e+01 3.284607779709946840e+01 1.524827919164753176e+01 3.524811684754833152e+01 4.504255134620377277e+01 4.709868616645700712e+01 4.344435684609065618e+01 5.147692022303627368e+01 3.836795006078218506e+01 5.832061550902479752e+01 6.329616642263261639e+01 4.940870192605417088e+01 5.831366920255996433e+01 7.227566652645212741e+01 9.180414790624830346e+01 9.579962462344656160e+01 7.467956231609848317e+01 6.267987961152400800e+01 7.220902689678175079e+01 5.829327690945944340e+01 7.876552704304791064e+01 7.191811762283221299e+01 5.849133113253852656e+01 7.892775223002205109e+01 8.478448907372862209e+01 6.558431140328059428e+01 8.587108395355653556e+01 9.878920151758104851e+01 8.427682042451078814e+01 6.445488045450713344e+01
5.081304048347550645e-02 1.315724104550825890e+00 2.115103471776406963e+01 2.438821233801425592e+01 6.283033526407383995e+00 7.619339735949893111e+00 2.754912696025591856e+01 3.089976871719049711e+01 1.289130756273863732e+01 1.553858520921377284e+01 3.533432049906236472e+01 4.742780009807875530e+01 5.755272629627742020e+01 6.329978386711066918e+01 6.346792859721195867e+01 4.353256477439241223e+01 6.346792859721195867e+01 7.423057806120176849e+01 5.439476885050327581e+01 7.423057807895099813e+01 7.762918718804979790e+01 9.571109905514003913e+01 1.044054076585473751e+02 8.667729922423285416e+01 6.621607227464410528e+01 5.150816885622077734e+01 5.035997368115411632e+01 6.539676709476616168e+01 5.129579641960086889e+01 7.191811762283221299e+01 7.877909794980999436e+01 6.444047394671960660e+01 5.868270272384670960e+01 7.910882643679789794e+01 9.056093050503648101e+01 7.076358663737859445e+01 5.929625343434715035e+01
4.469920835086939326e-02 2.004469689108992370e+01 3.122739910361260751e+00 4.405740508560262114e+00 2.439394509468826655e+01 2.761562488113596103e+01 9.543840632860691287e+00 1.091101248612124408e+01 3.090678696752717158e+01 3.533432085816408375e+01 1.935323524784898197e+01 2.916536212303116571e+01 4.327250324827290484e+01 6.356804261740690265e+01 6.921773444227123662e+01 4.929982272767167473e+01 6.921773444227123662e+01 8.239450440851985036e+01 6.587259704286688589e+01 6.377195459604126171e+01 7.521938406326522397e+01 9.494790699717948712e+01 9.408498560251578624e+01 8.578908613410128225e+01 8.063638890800204706e+01 6.372058340392396047e+01 4.292035105998125033e+01 4.463903011460887882e+01 6.539676709476616168e+01 7.194081186599323985e+01 6.352163440738829792e+01 4.976670718044727693e+01 6.444047394671960660e+01 8.478448907372862209e+01 9.155582831432710122e+01 8.734779215353974280e+01 7.847711673103466978e+01
2.324776005098762310e-02 2.002324774276372210e+01 2.320172768319093848e+01 2.440420525719891387e+01 1.257065619306623638e+01 3.256421722894886273e+01 2.956893391082340372e+01 1.847014965149766041e+01 3.846205432006388492e+01 4.200457797707773722e+01 2.218233480960231319e+01 4.200457798071836635e+01 5.482058902664428501e+01 6.899127314089071206e+01 7.585143943852257564e+01 5.595032444976712327e+01 7.585143943852257564e+01 9.379293440632659440e+01 8.564779249859047638e+01 7.368980669717063847e+01 9.170575130930100727e+01 1.030796622514922944e+02 8.578908613410128225e+01 6.555434225612880539e+01 7.148096151000258658e+01 5.927564415759372451e+01 3.850934240107863360e+01 5.498816249344118035e+01 6.345887381470278399e+01 5.726948143899278421e+01 4.278558887931366428e+01 6.352163440738829792e+01 7.877909794980999436e+01 7.479200320748077502e+01 7.102441948981139319e+01 9.155582831432710122e+01 8.894469326220246330e+01
8.699724428260374731e-02 2.008699724428224798e+01 3.830676669006401625e+01 3.889119924093019875e+01 1.889507674966990436e+01 3.889013241392094500e+01 4.672983454953156013e+01 3.260870043766102100e+01 3.846220057741381027e+01 5.029728870545637420e+01 3.094501228412807592e+01 2.657259043917294861e+01 4.064990491239802850e+01 5.975795467263550620e+01 6.977953272647529559e+01 7.585143943852257564e+01 6.855262488333960391e+01 8.841094187982962183e+01 1.015589985994449762e+02 9.342547124397020752e+01 1.015589985994453457e+02 9.582829773135657092e+01 7.574987453684586569e+01 6.133121450984307899e+01 5.089916964203975169e+01 4.482037792007762533e+01 3.926082838987936441e+01 3.431100795464480058e+01 5.141301598157305364e+01 3.656374924536154225e+01 5.726948143899278421e+01 7.037321886355930189e+01 6.255342813279209935e+01 5.359416936587393820e+01 7.479200320748077502e+01 8.519754852868356920e+01 9.540647529687183237e+01
2.249585233037712170e-02 1.002249585233046503e+01 2.416463147606351569e+01 4.416463149105424435e+01 3.889120721544028925e+01 3.044085769835131572e+01 5.043459932664134726e+01 5.259380000289125690e+01 5.844634346017041793e+01 4.727596203741831715e+01 5.095195457966607222e+01 4.064990491239802850e+01 3.139494841189601004e+01 4.143422952623348010e+01 5.563332764519577722e+01 7.563267245796868110e+01 8.841094187982962183e+01 8.841094187982527330e+01 1.081747966260716254e+02 9.317724710044980441e+01 8.487381065447580397e+01 9.317724710044980441e+01 8.993133267961255228e+01 7.981966392932227450e+01 7.148096152241387813e+01 6.553893982784511252e+01 5.399596480425989142e+01 5.141301598157309627e+01 3.083250148760221876e+01 4.845629417015433660e+01 5.123544603702595168e+01 4.917236166946197784e+01 4.123120623103332605e+01 4.787102028869450976e+01 5.570652365398894545e+01 6.653126991118091382e+01 8.707290405073531758e+01
2.739267172789772165e-03 2.000273926717243356e+01 3.243805999803868190e+01 4.072233124550087524e+01 4.966660315550019078e+01 5.043459932664134726e+01 4.676610474550674468e+01 6.675752833685562848e+01 7.560030776358739502e+01 6.730824569094487231e+01 6.899127314089051310e+01 5.975795467263550620e+01 4.037195481333439773e+01 3.757599909752673994e+01 5.766097204252331920e+01 7.302722444978634542e+01 8.196759151480060268e+01 9.351721385182059976e+01 9.472856931209952336e+01 8.315208681201036711e+01 6.482181181069964282e+01 8.315208681201036711e+01 8.213039927869114365e+01 7.382915381791967491e+01 8.213039927869114365e+01 8.283797050395908457e+01 7.197370242191747991e+01 5.141301598032549691e+01 4.845629417015436502e+01 2.795441074500388723e+01 3.122910112624740719e+01 3.491601858215012300e+01 5.544602083220582500e+01 6.934367904023301321e+01 7.680208698095812281e+01 8.519754852868356920e+01 9.540647529687183237e+01
8.327778614586213435e-02 6.113504677701160794e+00 1.243805999803797491e+01 2.138233190803729045e+01 3.552446753176874239e+01 5.552446753176944583e+01 6.675752833685562848e+01 6.906035568051370888e+01 7.127617662656943764e+01 7.965067520196397766e+01 7.676557277588868544e+01 5.676496786698732677e+01 6.043514725128444098e+01 4.920463652627022810e+01 4.471663455915913943e+01 5.369566848306048712e+01 6.522653241635646282e+01 8.521793563788138215e+01 8.642585599599576085e+01 6.637209421347255045e+01 5.480484605291346867e+01 6.698632506018110178e+01 7.211154250513818909e+01 5.379279302142722941e+01 7.031083746796693390e+01 7.847001284272435839e+01 6.490095492213066564e+01 5.640856790515914554e+01 4.572643012040839494e+01 2.595904443248506865e+01 4.640507075494836897e+01 5.543546369296726084e+01 6.408043564007644477e+01 6.921326283070833085e+01 7.139642202812133576e+01 7.966105122548822237e+01 8.934045533594417066e+01
6.510866554257997707e-02 2.006510866554222616e+01 3.243805999803726081e+01 4.072233124550087524e+01 4.966660315550019078e+01 4.420643752361490897e+01 5.256596553406112093e+01 4.884179656645940781e+01 5.105257546627722576e+01 6.424764215045762228e+01 7.263073162090093149e+01 7.676557277588868544e+01 7.750187704151616686e+01 6.921254118064950944e+01 5.629476362014867163e+01 5.629476362014867163e+01 6.782572581125687350e+01 8.782285794387506428e+01 9.122422089106603948e+01 7.116726354912486840e+01 6.698625560664403622e+01 4.695144565679988347e+01 6.011441581353536634e+01 4.378702897700832608e+01 5.062644738778248410e+01 6.710292484532571677e+01 5.705761500771453143e+01 3.986008015909167312e+01 3.156750018358169640e+01 2.421430069047366729e+01 4.591050309469821400e+01 5.854198129834958308e+01 5.022882106476152586e+01 4.920082233811188388e+01 5.139132713810285225e+01 6.111335749570911702e+01 7.692978043759578100e+01
8.953482861371392376e-02 2.008939055023573772e+01 2.493729321478426897e+01 2.744061433062033117e+01 3.000549634613629024e+01 2.412327391196222592e+01 4.420643752361460344e+01 3.462978032758666558e+01 5.476367542514480391e+01 4.405024625287978779e+01 5.930776041514275221e+01 6.769135892043092895e+01 7.674082714020759965e+01 8.457091485045765467e+01 7.627750832408754889e+01 7.627750832408754889e+01 8.457091485045765467e+01 9.612338641679521345e+01 9.952131918185465054e+01 8.784715712280197408e+01 7.528890362615744891e+01 6.011441581353536634e+01 4.009522433876235681e+01 3.563473565878712179e+01 3.912786197968750912e+01 5.827620144687801940e+01 6.490095309993404271e+01 5.633201369431549210e+01 4.237526051844774599e+01 2.254030603712910263e+01 4.014358425818763010e+01 4.357623779428234911e+01 2.867200010149301193e+01 3.455548687307501154e+01 4.104437118643291882e+01 4.868439272750052282e+01 6.022888592233187666e+01
