LEM/with_lateral_4open/elevation_000166.asc
nrows	100
cellsize	150.0
xllcorner	0
ncols	100
yllcorner	0
NODATA_value	-9999
[rows 68 to 84 of 100, columns 0 to 36 of 100]
5.009162696260269221e-02 1.419222725069367819e+01 3.419222725069437985e+01 4.991238470388633175e+01 5.418785088027556895e+01 6.247214734847575102e+01 5.798340572482278787e+01 6.626771636724774339e+01 6.544770561919271756e+01 7.373220617886555317e+01 8.076610201708592740e+01 6.749523916205792773e+01 4.717303189465384605e+01 5.761936456521792849e+01 7.804674926994150042e+01 7.464589591858289452e+01 5.462868570377256816e+01 4.306000046915926305e+01 5.152523237725349503e+01 5.300008071413201804e+01 4.469998920371980944e+01 2.724528878185494207e+01 4.740635847842012396e+01 6.544543358930839361e+01 7.439726381968709745e+01 8.595779353277946200e+01 7.211950519774124757e+01 7.039145034011873747e+01 5.616372281581038806e+01 4.622263984074128018e+01 5.017768030869230955e+01 5.437388954740819003e+01 6.442243851092636930e+01 7.604477760315818102e+01 9.617684113246089339e+01 1.000029240090302096e+02 8.000852274422339860e+01
4.695337527364121244e-02 1.418908899900471710e+01 3.418908899900542053e+01 3.785791853769821103e+01 3.418784999353232479e+01 4.384126922511199353e+01 3.798340448600021091e+01 5.798340572482278787e+01 4.544770052742998701e+01 6.145998844871480316e+01 6.974451200374005566e+01 7.430194431995390403e+01 5.388183624932410964e+01 7.430193247818303348e+01 8.650074752102113962e+01 8.294717878286702728e+01 7.138620239481396368e+01 6.308895421263686387e+01 5.862594287553901040e+01 3.860891278836292884e+01 3.386874897470509893e+01 2.950986288213413289e+01 3.713036774890617409e+01 4.608909106454012772e+01 5.764039457941998279e+01 7.765500233003037067e+01 9.224266857604266079e+01 8.461787678050946226e+01 7.122768156942466078e+01 5.111156716195849015e+01 7.029393932354676622e+01 7.448802688469464783e+01 6.294126930533293063e+01 7.456205777358036357e+01 9.469596065077378455e+01 9.519579433319709949e+01 7.524563373009256395e+01
7.614146464036156137e-02 2.007614146464000626e+01 2.582757951228654747e+01 1.785791836776794383e+01 3.229426363079808482e+01 2.384126886047827298e+01 4.065862171876910480e+01 4.537266719065956266e+01 3.390069514353783831e+01 4.145998460372264560e+01 5.300698998791334304e+01 7.300700508270453781e+01 6.828484349616766735e+01 6.828484343356812758e+01 8.882849193858604053e+01 9.165030539951258959e+01 7.162018412747796958e+01 5.747346033254289921e+01 4.592332487845455091e+01 5.862594287553901040e+01 5.212757159155068365e+01 3.209683068321134414e+01 3.687357058386658082e+01 5.689415064335299377e+01 7.077556971986852830e+01 7.785105071157956047e+01 8.615413727857040271e+01 9.135209009155288129e+01 7.122769403450251957e+01 5.746973733815261198e+01 6.753448708167084646e+01 8.766058048910282707e+01 7.054507350296047719e+01 9.068310908085997823e+01 1.030225159822027905e+02 1.035424861603809177e+02 9.199034453020752267e+01
2.352828262072655108e-02 2.910279628568861465e+00 5.827579458526765066e+00 8.913646457768630071e+00 1.229426347668272612e+01 1.629426347668279718e+01 2.065862128140271992e+01 2.537266648931311863e+01 3.691967187312651077e+01 5.691967353253806294e+01 6.974451200374015514e+01 8.129198498433464692e+01 8.882853832835024832e+01 8.882849336504136772e+01 9.726480968388061399e+01 9.010008475879742207e+01 7.007173422360763482e+01 5.592634349600226784e+01 6.006943251758457336e+01 7.422790739902860935e+01 5.471227900089693463e+01 3.469125299314677591e+01 5.471227900089693463e+01 4.473241175420978522e+01 5.076752167614868227e+01 5.783856835399804197e+01 6.938596860776901565e+01 8.941456791050565300e+01 8.430150960475251054e+01 6.416820816293007113e+01 8.430150960475251054e+01 9.599035233310290494e+01 8.061870755318224724e+01 9.901160244586199610e+01 1.017078131354066102e+02 9.336666178579639563e+01 9.281541485260854074e+01
6.786455232800275850e-02 2.006786455232764865e+01 1.737458484232018208e+01 2.891364655170378484e+01 2.643639910074537624e+01 2.784126886048114713e+01 4.065862171876910480e+01 4.537266719065956266e+01 5.365698639408925175e+01 6.520402543978022436e+01 7.205290318602774846e+01 7.791185463215582274e+01 8.513943085100480346e+01 7.685913227126714276e+01 8.513943085100480346e+01 9.229276681974435803e+01 7.226223035163327779e+01 7.007173422360763482e+01 8.008590949120250002e+01 7.350841672853221098e+01 5.736389688044821611e+01 3.734462075935420700e+01 5.736389690257140472e+01 6.474291625183002452e+01 7.077556971986852830e+01 7.785105071157956047e+01 8.615413727857040271e+01 9.772246244560791695e+01 9.263314316696953199e+01 7.423367100947096731e+01 9.263314316696953199e+01 1.090710106901106258e+02 1.007475106085376382e+02 1.090710106901106258e+02 9.336666178579639563e+01 7.345076641972853793e+01 7.928399711904812364e+01
3.257643153035955086e-02 2.003257643153000345e+01 3.737458496951504117e+01 4.565886359569278596e+01 4.643639962579576519e+01 4.784126948784660982e+01 5.612557394228558394e+01 5.875444239652000533e+01 6.461406359637922492e+01 6.619119552750889568e+01 5.204324377688298142e+01 5.790393732858825615e+01 7.516761078740890412e+01 5.693486450004181165e+01 7.516761078740890412e+01 8.927850002129065388e+01 9.229276681974435803e+01 9.010008475879742207e+01 8.294500974324023446e+01 6.521154086525558569e+01 4.520389598657111918e+01 4.047605016424210334e+01 6.048946759048000388e+01 7.041206379511538671e+01 7.526710794599352994e+01 8.235100399020633688e+01 9.066981360213654284e+01 9.964612696477179554e+01 1.026961486367952432e+02 9.436934820003403956e+01 1.026961486367952432e+02 1.041197226047264479e+02 1.063092574093088132e+02 1.033868196004467990e+02 8.334650397114631915e+01 6.935181771624675662e+01 5.967039120965682031e+01
1.880098487986705744e-02 2.001880098487951187e+01 2.391825385788904512e+01 3.806050567509816318e+01 5.806162833241877053e+01 5.303375194643740542e+01 4.474577153117425610e+01 3.873606295434294111e+01 4.459931054455924482e+01 4.719971810535538737e+01 3.787817687230523234e+01 5.790393731622738471e+01 5.753434971997536707e+01 4.703582130154795493e+01 6.105672155352709041e+01 7.911633183508719469e+01 8.909923320347108699e+01 8.880460242776184998e+01 6.877784771412692066e+01 5.463523897564362386e+01 6.521154086525558569e+01 4.603401284591350873e+01 4.603401670755326336e+01 5.040100015725965221e+01 5.524924809488589261e+01 6.231472026987249535e+01 7.126053174743938712e+01 8.543967989256340445e+01 1.055279039952612550e+02 1.048331025198924777e+02 9.653970125011576897e+01 8.406487116786723846e+01 8.625962507322032025e+01 1.063092574093088132e+02 9.754822527115547359e+01 8.757928977756765221e+01 7.928399711904812364e+01
2.900726248362994752e-02 7.588296723026790147e+00 2.173043988787183878e+01 4.173078006800041351e+01 5.227610605595740623e+01 4.147519472511994820e+01 2.472142407711573142e+01 2.456404145907134762e+01 3.823566219294692559e+01 2.715547973587331043e+01 4.719971810535889034e+01 5.140390265587223695e+01 3.766943126628773797e+01 4.396789530056950213e+01 5.095248467935343228e+01 6.086332418946798839e+01 8.081605150398651460e+01 8.880460242776186419e+01 6.877784771412693487e+01 7.464354836459096987e+01 7.176176150157745326e+01 5.180927757932290234e+01 5.602637986583868468e+01 6.451759777624600645e+01 7.526710794599352994e+01 6.679354510911082343e+01 8.684221004173907943e+01 9.964612696477179554e+01 1.084657124084126139e+02 9.653970125011576897e+01 7.644853488916324125e+01 6.981601071918352375e+01 8.993880115803457898e+01 9.337248676585063833e+01 1.016693058671880578e+02 9.898953859074936190e+01 8.744580946283883804e+01
5.081304048347550645e-02 2.005081304048312063e+01 3.587143595632385740e+01 3.849227118665044856e+01 3.812277567753299934e+01 2.397724098085738120e+01 1.316118855027600176e+01 1.560380245464153681e+01 1.818662160915539516e+01 3.823566219295218360e+01 4.569447066076042319e+01 3.142184308686172045e+01 5.140390279255927197e+01 6.380849973748495785e+01 7.083968784672720176e+01 7.911633183508719469e+01 8.909923320347108699e+01 9.711217177235360509e+01 8.880460242776186419e+01 9.165721833405967800e+01 7.176176150157745326e+01 5.887487896771680340e+01 7.007989482342593135e+01 8.384186783179126223e+01 9.242030004824508183e+01 7.835704017398578003e+01 9.516269874133111273e+01 1.043052063220097097e+02 9.428126888540404593e+01 8.009682536239547801e+01 8.233310127433911418e+01 6.216588309981860760e+01 7.915364355193311496e+01 7.326400585147183619e+01 9.337248676585063833e+01 9.061235544684744525e+01 7.071329249846490939e+01
4.469920835086939326e-02 2.004469920835051511e+01 2.290911279539211520e+01 1.850824827357813973e+01 2.660605993753793541e+01 9.829735914187970991e+00 2.983878526111350027e+01 3.563926582005858279e+01 3.823566219295216939e+01 2.236521704663045185e+01 2.550462025247292175e+01 4.569447066076042319e+01 5.954955516575000019e+01 6.696576252824667108e+01 7.529242570050752192e+01 8.692273165723408113e+01 9.133985905268663430e+01 9.133985905268663430e+01 9.961660345909153591e+01 9.286988685448800140e+01 7.298596601720721821e+01 7.298596601720721821e+01 8.704291003859970033e+01 9.820749011703108522e+01 1.067568881110859849e+02 9.843316763651637302e+01 1.034214373621266532e+02 9.183061601464584101e+01 7.590451514984430048e+01 6.583186308352733818e+01 7.673972133497733239e+01 5.654533202795576585e+01 5.897161148310305379e+01 7.915364355193311496e+01 8.468875503835461416e+01 9.299640488703981589e+01 8.744580946282398770e+01
2.324776005098762310e-02 1.466622649791450961e+00 2.913764094201232613e+00 4.372374767523620420e+00 6.608059830610677921e+00 2.660619645339383865e+01 3.102143694053610545e+01 3.929678020432597663e+01 5.073559448208268208e+01 4.243826201219099659e+01 3.376198034571591933e+01 3.345212159436992039e+01 3.951775867605401515e+01 4.667425365000714521e+01 5.843441651080247112e+01 7.861979791655082295e+01 7.134300703135863841e+01 7.134300703135863841e+01 9.133985905268663430e+01 1.010998540599920261e+02 9.286988685448800140e+01 9.286988685448800140e+01 9.334762094943693000e+01 8.504506462176316006e+01 9.334762094943693000e+01 9.392872031503789287e+01 9.512672868575620555e+01 7.502983936104011775e+01 6.336509308127522644e+01 5.570748813155711332e+01 6.827075647652419832e+01 5.130844321516029538e+01 5.130844321516029538e+01 7.043861363219103566e+01 6.453601179602358684e+01 8.468875503835461416e+01 8.322965266856873257e+01
8.699724428260374731e-02 2.008699724428224798e+01 2.290911279539211520e+01 2.436486116047472450e+01 7.145007898104843491e+00 9.153630930178014324e+00 1.118145575846530981e+01 3.102143775133373538e+01 4.220675889006034964e+01 5.777962531467911589e+01 5.386811948892016488e+01 5.352615541638548535e+01 5.979163076409158606e+01 6.696576252824667108e+01 7.529242570050489292e+01 7.691250568977670810e+01 5.714642622944521122e+01 7.630668997785784313e+01 8.458697211762310531e+01 9.458676597102619610e+01 9.309629123237306203e+01 8.479196167029070352e+01 8.329566770351100047e+01 6.491640373197957103e+01 7.752207560167875044e+01 7.383476634560726382e+01 9.392872031503789287e+01 9.183061601464584101e+01 8.352378422425728388e+01 6.827075647652419832e+01 4.803958573183513892e+01 6.133152215954287101e+01 4.412980278536949186e+01 5.021766735950610183e+01 6.453601179602358684e+01 8.468875503835461416e+01 7.515577786447080655e+01
2.249585233037712170e-02 1.416463289198659758e+01 3.416498569590363843e+01 2.702928145314043462e+01 2.119501765625104284e+01 2.901648183889370003e+01 3.102143775133373538e+01 1.412011673345791429e+01 3.392722265907419654e+01 4.112352671534217308e+01 5.402275115454422405e+01 6.233015956658099554e+01 6.427279341804303670e+01 6.730357078914191504e+01 7.101761463901858917e+01 5.684016695442721812e+01 4.950011475875119515e+01 5.624791026678820316e+01 6.630307779419050007e+01 8.631030216152495882e+01 8.479196167029070352e+01 6.466463502528257834e+01 7.055979251244870909e+01 5.481752604568045228e+01 5.736775655874008351e+01 7.163458173316223565e+01 9.173574314744185187e+01 8.901824891298218745e+01 7.739028571884114172e+01 6.906098429471059319e+01 6.133152215954287101e+01 4.108523372392266282e+01 4.008184753596174943e+01 6.032814049586062310e+01 6.595465320166290724e+01 8.610398853763230420e+01 7.262453530135870494e+01
2.739267172789772165e-03 2.000270885955369238e+01 3.353129952847971396e+01 4.697776088924867111e+01 4.111473835512452268e+01 4.802471272893050269e+01 2.808817446472171753e+01 3.391492171365124619e+01 1.718251438959165256e+01 3.696252874220990492e+01 3.400133818525593199e+01 5.076496680839309050e+01 4.415031744296344129e+01 4.716501736610837270e+01 5.663286051887234862e+01 4.253305191270386132e+01 6.271921885573763689e+01 7.630668997785784313e+01 8.458697211762310531e+01 9.458676597102619610e+01 8.218605344476212338e+01 6.204877880794227707e+01 5.039674843732925780e+01 4.658432002857477983e+01 6.674913892704852003e+01 7.579774854240299931e+01 8.411232085989259133e+01 8.070630599223427737e+01 6.053601862236703823e+01 4.884861057148862074e+01 5.680429693837874794e+01 3.660699932129913492e+01 3.670745060257409165e+01 4.572100886633023720e+01 6.004576012279618880e+01 8.021998301139450405e+01 8.069941046760405357e+01
8.327778614586213435e-02 5.247255581089106613e+00 2.524725668128194656e+01 4.169654462929622696e+01 5.169657306435306054e+01 5.632799481625782079e+01 4.802468212542732573e+01 3.330042533841177033e+01 3.693111777884563196e+01 2.035769289840105856e+01 2.266406924825595226e+01 4.246338298770992026e+01 3.002653084118725602e+01 3.293764728911279605e+01 3.644129160343000962e+01 4.359002925182181087e+01 5.126017548764716736e+01 6.134863386104190397e+01 7.552714172260931491e+01 9.551606274241277106e+01 9.049260761255975183e+01 7.888046312882779887e+01 6.154260507550388581e+01 4.139174286512643874e+01 6.154260471281164513e+01 5.565269157139523060e+01 7.249366912235880989e+01 8.833524612393379982e+01 6.819695577904373351e+01 5.739136428826451208e+01 3.722272083773584228e+01 3.242052381951942408e+01 5.249823102015737675e+01 6.525550548214194180e+01 7.250534348811582674e+01 7.298335772021960111e+01 8.129334951584434066e+01
6.510866554257997707e-02 2.006510866554222616e+01 1.341222139036643846e+01 2.341222139040514705e+01 3.755435707622259400e+01 5.755436955948577804e+01 6.166832221954001625e+01 5.330726610502063778e+01 4.839756958977321943e+01 3.169300249809808534e+01 4.246245176140805455e+01 2.606729853305947842e+01 4.593288217346254498e+01 5.306340334297320993e+01 4.257487487914455215e+01 6.303314972785855730e+01 7.136519750087471436e+01 7.965028678781314397e+01 8.965979314389034016e+01 8.502759618128580144e+01 7.671509143406485975e+01 6.958767107277235198e+01 5.773445007158564124e+01 3.759540566809010897e+01 5.253457117146258071e+01 4.401904677883619144e+01 6.416699412608676312e+01 8.245384052362092575e+01 6.229156279615698111e+01 4.798154331795754501e+01 5.002683567855078195e+01 3.001966542476149158e+01 4.812835631765357647e+01 5.240196328732320552e+01 5.240181650785357448e+01 5.285067950777475687e+01 7.298335772021960111e+01
8.953482861371392376e-02 2.008953482861335971e+01 3.341222324957993095e+01 2.606133203399494747e+01 4.020346780235055206e+01 6.020348455182633529e+01 6.419124438182645065e+01 6.637904038390843198e+01 5.998353443367116711e+01 5.167662376502218535e+01 4.005344059484118446e+01 4.593310383241767170e+01 3.462728519967802043e+01 4.490477453115891393e+01 6.301289311386701542e+01 5.448440526946205864e+01 6.622982099317663085e+01 8.629626410071783482e+01 9.093061798694981235e+01 7.082682753958509636e+01 5.655570235471673612e+01 4.942140439189136458e+01 4.335152019115864164e+01 3.777751628132892137e+01 3.241118999047894533e+01 4.879775309617340184e+01 5.713225004311271960e+01 6.780730500225477897e+01 7.652745482699063473e+01 6.819695721831035939e+01 5.373278817043736666e+01 2.786831795927461997e+01 3.461673776628651211e+01 3.238834073572130734e+01 3.868087288101717292e+01 5.023758241608238961e+01 7.037203748920964586e+01
