LEM/with_lateral_4open/elevation_000407.asc
nrows	100
cellsize	150.0
xllcorner	0
ncols	100
yllcorner	0
NODATA_value	-9999
[rows 34 to 50 of 100, columns 37 to 73 of 100]
8.460854413018583386e+01 8.190354007761690980e+01 6.553080621795760408e+01 4.547582069036999997e+01 4.962884091446696999e+01 6.976884185598387944e+01 7.841152209884690194e+01 9.869272427960858352e+01 8.488873513424545081e+01 6.464144585655971298e+01 7.044133061401448970e+01 5.645790746908517832e+01 4.261310161911236349e+01 4.743709593096977528e+01 6.735451706224637292e+01 6.979496154461774893e+01 6.655414053261422680e+01 5.823268082522240974e+01 4.134240306219800232e+01 5.531052654416561154e+01 7.266509769376494887e+01 7.202623655559581550e+01 8.890700258661522071e+01 8.151447939497029438e+01 8.151447939497029438e+01 1.016886534942018585e+02 1.071320655387122400e+02 8.677715052801093520e+01 7.233362626712636256e+01 6.393864123095035978e+01 5.862887003379466222e+01 5.452505161229561992e+01 5.055458370191601603e+01 4.708458415438727940e+01 6.000179662021712090e+01 4.025808642037149099e+01 5.409606056982322286e+01
9.478683140327767376e+01 8.369113966225040713e+01 6.339324667356120102e+01 4.919067108400970767e+01 6.933836188614937157e+01 5.814264028972713305e+01 7.246164123776644317e+01 9.277580516817145906e+01 8.488904920619032168e+01 6.464144665966854575e+01 5.054841792282917368e+01 4.518521864106791952e+01 6.239038066444329189e+01 6.735451706224637292e+01 6.144467556464243074e+01 8.162213655723722638e+01 7.538986520745923769e+01 5.531052654416561154e+01 6.119162867690310748e+01 4.440268009739594390e+01 6.432158217274010781e+01 6.039633521114087245e+01 7.839540323504306230e+01 6.723623729482257261e+01 7.889596173228306952e+01 9.907199836470687160e+01 1.089928212211349035e+02 8.865159134497750415e+01 7.420764354419874564e+01 8.440852159111415176e+01 6.907314238757457758e+01 7.545418072603129644e+01 6.297342708837973646e+01 6.812178211727830046e+01 5.807514156533439120e+01 3.837130410608850895e+01 5.540601911706004756e+01
9.909506276067114072e+01 8.783971832429473636e+01 6.751591656468103508e+01 5.323456913617315678e+01 7.346862028058075111e+01 7.246164123776644317e+01 7.246164123776644317e+01 9.277580516817144485e+01 8.488888672640131006e+01 6.464144617343140453e+01 7.057174130716137483e+01 6.501685129587689005e+01 4.792755203568675171e+01 6.784833703460269305e+01 8.162213655723722638e+01 8.998684189495271823e+01 8.373913159972796905e+01 7.538986520745923769e+01 7.011272647010746084e+01 5.005167325751383345e+01 4.779089122172285187e+01 5.287674099746533329e+01 5.821502288818448534e+01 7.248412619101581811e+01 9.266648855904244897e+01 1.074130762804531258e+02 1.112018304898782333e+02 9.088033590015700725e+01 8.865159134497750415e+01 8.950896061457190456e+01 8.950896061457189035e+01 9.201514087955195009e+01 8.360935903443564143e+01 7.823456692774344390e+01 5.807509597618564356e+01 4.543561797989109863e+01 3.572137553975986890e+01
8.215894480778379716e+01 7.039154301274034253e+01 6.272448059611898685e+01 5.928137426080864003e+01 7.959272206816270057e+01 9.277580516817145906e+01 9.277580516817144485e+01 1.011188714462369660e+02 9.324764095039354572e+01 8.488883286162750608e+01 8.463802804795136581e+01 6.987882873180018350e+01 4.988069696860294755e+01 6.987883141343182558e+01 8.734009158393831740e+01 9.569940787193914389e+01 9.388788558378523419e+01 7.370768058436219405e+01 5.945398249418865788e+01 7.011272647010746084e+01 6.780571376900191183e+01 5.197977528560154781e+01 7.209411003489287850e+01 8.555050291050824285e+01 9.227778459761765362e+01 1.006288625620402968e+02 1.107131992788134482e+02 1.112018304898782333e+02 1.089928212211349035e+02 1.098252835309056081e+02 1.051060361763260715e+02 9.674155917432433682e+01 9.627604986782654350e+01 7.595633717390737161e+01 6.166150252422875866e+01 6.374817768103014970e+01 5.284359855012880303e+01
9.909506276069703290e+01 9.074209043148749743e+01 8.305030650091144651e+01 7.099370400620362886e+01 7.099370400620362886e+01 8.275894101262174729e+01 1.030600498275423718e+02 1.095521785843453983e+02 9.946250597884051103e+01 9.112186013723380995e+01 7.627004786770412181e+01 5.605579081825859333e+01 5.211704347663580705e+01 7.221519370683682837e+01 6.702503795440270551e+01 7.878309929779879894e+01 9.902916043425703663e+01 8.797109344071510861e+01 6.952702999741023859e+01 8.797018686473070659e+01 7.590605147297164024e+01 5.573504428555089873e+01 5.954055763827645364e+01 6.536070619688858585e+01 7.209598321247487718e+01 8.219038777401804907e+01 1.023651814212172013e+02 1.069927298755687275e+02 9.862927878394918935e+01 9.862925072053856468e+01 9.674155917432433682e+01 7.638614017002780088e+01 8.234810436249271959e+01 8.093917764358126021e+01 6.668903767737792521e+01 5.554362745697291359e+01 3.589551149321531653e+01
9.645356636305568543e+01 1.012794752077591056e+02 9.968995614556656903e+01 9.133919918840005892e+01 9.133919918840005892e+01 9.968995614556656903e+01 1.113706287527665495e+02 1.012296882266398796e+02 8.101427490712669055e+01 7.082884716041068884e+01 6.313898427304545180e+01 7.627004786774693912e+01 7.221519394929465818e+01 5.537720872921808990e+01 7.561118991278949863e+01 9.116981955714967967e+01 1.073699344543895506e+02 9.805848669455667732e+01 8.380066393092471344e+01 9.151239961971759840e+01 7.133600750412834657e+01 5.967155301975655135e+01 7.972203294933748907e+01 8.555051746923669498e+01 9.227778459761765362e+01 1.006288625620402968e+02 1.107131992788134482e+02 9.862927878394918935e+01 7.826114285460565156e+01 7.826114273763953122e+01 8.951960878049403902e+01 8.234810436249271959e+01 6.203734799986805371e+01 6.976156807156387174e+01 5.243805898586524705e+01 3.864568226219980573e+01 5.554362745697291359e+01
7.623372693891982976e+01 8.107138252909567200e+01 1.012794752077591056e+02 1.091267006562400752e+02 1.007566947765367757e+02 1.012493789382842806e+02 1.096176895962974385e+02 1.095521785843453983e+02 9.626214719367175121e+01 7.600699751877135668e+01 7.752186088968626620e+01 9.180829872761317745e+01 7.857575070127727201e+01 5.825174567565220229e+01 6.246312825297277271e+01 8.280210361225776694e+01 9.911799822346604572e+01 1.092156046752559178e+02 1.039751072366459539e+02 9.982520788261595612e+01 8.569491231205348925e+01 6.550413308482448826e+01 6.870791088832116600e+01 7.774137984173999882e+01 8.939220632429233149e+01 1.095658437682080120e+02 1.103649270487078411e+02 9.003811043561779570e+01 7.561432953597805806e+01 6.387630136564714434e+01 6.916336713612908227e+01 7.142604031729101166e+01 5.448121428077312345e+01 6.137957443408250668e+01 4.159652616417575643e+01 4.417003912670076460e+01 6.407226015221712601e+01
6.463642235420955728e+01 7.806523187044305701e+01 9.824349561721075474e+01 9.736947742435037867e+01 8.032750294571972915e+01 8.082340492045533153e+01 9.786247210202706981e+01 1.080485826873518675e+02 1.045918419702476285e+02 9.035598932165561337e+01 9.776748081980514371e+01 9.176462112741917565e+01 7.146086250322376543e+01 6.123998624548964642e+01 8.161274182900265828e+01 7.046043249551300391e+01 8.065526069200011250e+01 9.497525375865451736e+01 1.151309544830517240e+02 1.058699939399444503e+02 8.569607752598922445e+01 7.265093233927578353e+01 8.036751493699686932e+01 9.724622247886675552e+01 1.062667303426014342e+02 1.179084298457026563e+02 1.061699175402784476e+02 8.581253732769927467e+01 7.403666095787357904e+01 6.387630136527739921e+01 5.486162063658370869e+01 5.126221365241655548e+01 4.787792814241979045e+01 4.465386032878491562e+01 4.935617466567192935e+01 6.407226015221712601e+01 5.339512474151948140e+01
5.802366058037703311e+01 7.806523187044305701e+01 9.358182387430127847e+01 8.517213213283561402e+01 6.858139687722935207e+01 6.907271687587827103e+01 7.923791121583703045e+01 9.372146851166974102e+01 1.140479717262975470e+02 1.105208739113577820e+02 1.119425775748865135e+02 9.176462108048949062e+01 8.487551588150894588e+01 6.449949845438266038e+01 8.487551588151958981e+01 9.076699125663198231e+01 8.222304744499049889e+01 9.391857007758402176e+01 1.140763150214211095e+02 1.070959989986381373e+02 8.692182581730324387e+01 8.430383011782436142e+01 1.005439188326019035e+02 1.088908081862903003e+02 1.190135694835418292e+02 1.105928710425564532e+02 1.145021747008646571e+02 9.556768887571662674e+01 7.518994763028965167e+01 6.345361561029689312e+01 7.512575609189356385e+01 7.142329567590911665e+01 6.197257369857477727e+01 4.824820053545265353e+01 5.562735014779151754e+01 7.581993388528265143e+01 7.359419157174599491e+01
5.255697798660331443e+01 7.253425293627751103e+01 8.186565076767868732e+01 6.488317802495706133e+01 5.964316033383897775e+01 6.965407408268507083e+01 8.140954318139934287e+01 9.588458936751804629e+01 1.161883449976833731e+02 1.201216806663641705e+02 9.998129506144638867e+01 9.205142106927095824e+01 7.175489619154204490e+01 6.909344754227737440e+01 8.942086449222503575e+01 1.047044490149318392e+02 1.024382355518409753e+02 1.107737901065021333e+02 1.224021718269246293e+02 1.154408014177891175e+02 1.070959989986381373e+02 1.044786311359413986e+02 1.128250548608028225e+02 1.126273112647204329e+02 1.042330856107431600e+02 9.053037582267194239e+01 1.073853543645405324e+02 1.039398942138221997e+02 9.150543032014950029e+01 7.112565206054411249e+01 9.150543032014950029e+01 9.058837521299474815e+01 7.211378759054952070e+01 5.193187757713239705e+01 7.211380005499938761e+01 6.997397118878762967e+01 9.052613088769186334e+01
4.748957246142371957e+01 6.532902271954802131e+01 6.789717393899205433e+01 5.340734422197166253e+01 7.345829901707601550e+01 8.826588702623911331e+01 9.300896718037392930e+01 1.013849351885648673e+02 1.115270326215718200e+02 1.142299996238984505e+02 9.407928838566589036e+01 7.976400394830298524e+01 9.205142106938117763e+01 8.942086449222503575e+01 7.611978517315598936e+01 8.521023272714313634e+01 9.949189537013593565e+01 1.196264322948531600e+02 1.213889027789297188e+02 1.154348249809522571e+02 1.116753823721550276e+02 1.032814384995058674e+02 1.116753823721550276e+02 1.042330856107431600e+02 8.426394275267112732e+01 7.911545425915666385e+01 9.844562700869583693e+01 1.126273112647204329e+02 9.989060238770370859e+01 8.554318543956765097e+01 9.989060238770370859e+01 9.367044175735966860e+01 7.616969880045169816e+01 5.589020516910081682e+01 7.616969880045169816e+01 9.052613088769186334e+01 9.892821321116819888e+01
4.297635467934633624e+01 4.543269834872373991e+01 4.795936715623238911e+01 5.180930773089441033e+01 7.179703741562484254e+01 8.215762977411957024e+01 7.270797379912997371e+01 8.284084914023642909e+01 9.724779458008754318e+01 1.174916590998749228e+02 1.071125579077731658e+02 8.694230064000782932e+01 1.071125579077731658e+02 1.027499600458202309e+02 8.255853869296410608e+01 1.027499600458202309e+02 1.053891646993347706e+02 1.172511000933477163e+02 1.012048328283061522e+02 9.531057708621744951e+01 1.016537711245258606e+02 8.332998528579034314e+01 9.621465486227197061e+01 9.328383557267513027e+01 9.011276928131748321e+01 7.030922755670214030e+01 8.426394275267112732e+01 9.650663475914819855e+01 1.048675132824941727e+02 1.058995627730395910e+02 9.703820761121303917e+01 7.666022429707412300e+01 6.491743275720790507e+01 6.169969063000922915e+01 8.204202487724526804e+01 1.000338930703232734e+02 1.049024773067383762e+02
5.693299012612225596e+01 6.532902271954802131e+01 5.599562773292201712e+01 7.179703741562484254e+01 5.760835409602982793e+01 6.201617984075387824e+01 7.621102116579146468e+01 9.651401292646993113e+01 1.022241694297506456e+02 1.219455431143119739e+02 1.154422343787042138e+02 9.860293542799880129e+01 1.154422343787042138e+02 1.110826296533022344e+02 9.161198842772191142e+01 1.110826296533022344e+02 1.255160980110611462e+02 1.088403409745814088e+02 8.881522202338015859e+01 8.128076707596690653e+01 8.860374722263651392e+01 7.347369211956808499e+01 7.633687129392231441e+01 7.343576649330543660e+01 8.482005012573225144e+01 6.506039675973435976e+01 8.393176121697182168e+01 7.662401391821498464e+01 9.063084925936919944e+01 1.106920358023096753e+02 1.054057558877131129e+02 9.367044175735966860e+01 7.508212050825946449e+01 8.204202487724526804e+01 7.126926324106024424e+01 9.164923632048605384e+01 9.662445465831682156e+01
7.705880185284831896e+01 8.451861033284860980e+01 7.015181498116243120e+01 7.610802625121175424e+01 7.173904401062682723e+01 7.621102116579146468e+01 7.265031766739581087e+01 8.257741629857984833e+01 1.006797187703864438e+02 1.125076171921102741e+02 1.155151862005439511e+02 1.187369183917599145e+02 1.270596321799279025e+02 1.200873202091227512e+02 1.058668740006420421e+02 1.200873202091227512e+02 1.189428903547415501e+02 1.066284657088342982e+02 8.663351407387082759e+01 7.267433190039918145e+01 6.881102709043662458e+01 6.544057328389601480e+01 6.242366143868966333e+01 5.956353884142608734e+01 7.527204106318968968e+01 6.018572928291010271e+01 6.419126147674555227e+01 7.553424972671149362e+01 8.953129216143092606e+01 1.095784721664689130e+02 1.174571663663340502e+02 1.038367822393616819e+02 8.950841572235239596e+01 1.000338930703232734e+02 8.145799790614316294e+01 1.000338930703232734e+02 1.049024773067383762e+02
6.636107254314889303e+01 7.467079405030712280e+01 9.048759227972452379e+01 9.644125640607163064e+01 9.203285266399969089e+01 9.651401292646993113e+01 9.268004273807602544e+01 1.009839627568459122e+02 1.032634326540780165e+02 8.945293284350530882e+01 9.466086470990254043e+01 1.090480588764933287e+02 1.175955928862677524e+02 1.279698440163093522e+02 1.259898880839399453e+02 1.245616241458655082e+02 1.105189173121002426e+02 9.046140134170990166e+01 7.906215237744024193e+01 9.248989981825455686e+01 8.860374722263651392e+01 8.520932372384265818e+01 8.215893930620630670e+01 7.527204106182104226e+01 5.568652477693304803e+01 5.552240438171276793e+01 7.510346205567499567e+01 8.131081186761842616e+01 1.012449227463611976e+02 1.115977244161314559e+02 9.731044010056855598e+01 1.095945378027404047e+02 1.098414667131964109e+02 1.101933874864643883e+02 1.018404747348289732e+02 1.101933874864643883e+02 1.101777531049970520e+02
4.655826333291950192e+01 6.636107254314889303e+01 8.380396167596593671e+01 9.207366112649458501e+01 1.036108311758969052e+02 1.078462129089255370e+02 1.020228779996064361e+02 9.346276357071846519e+01 8.696239170988634726e+01 7.376881255233290346e+01 8.069012611336997054e+01 8.811253664629026616e+01 9.862703072117076886e+01 1.194690870318158176e+02 1.278505165498205685e+02 1.075304292274016831e+02 9.596066648457502879e+01 8.710331778308534467e+01 9.305237052595654745e+01 1.072998793764380707e+02 9.921357807441849275e+01 9.031684583578581282e+01 8.202873711354273212e+01 8.353718163204530356e+01 7.146741404805007392e+01 5.202764788714256383e+01 6.162313822530170171e+01 8.131081186761842616e+01 9.360195838288858283e+01 1.015743886508614935e+02 8.324744965720317680e+01 8.955137528055323060e+01 1.095945378027404047e+02 1.032993352020715747e+02 9.507332829175716427e+01 9.980625788740614723e+01 1.019303530300015836e+02
6.337178123758921799e+01 5.636879234975474873e+01 6.383796947345170025e+01 7.535065147914065165e+01 9.535139815089921456e+01 8.714462536190055175e+01 8.714462536190055175e+01 7.276914530170199669e+01 6.631706112237937134e+01 7.218093248143017604e+01 7.840321835257590521e+01 9.924521013050437546e+01 1.175955928862673829e+02 1.279698440163093522e+02 1.363114105815818675e+02 1.214044780179911385e+02 1.011802060188626484e+02 1.011802016792560437e+02 1.131228879109916079e+02 1.050167705446304893e+02 8.503388795457125582e+01 7.107964494153112867e+01 6.235691180335124528e+01 7.219282445875803944e+01 6.938939823194380097e+01 5.005885429839754153e+01 6.939512419380530162e+01 7.525842918738040055e+01 7.373806878722740521e+01 8.435060732151308116e+01 7.337585951794358152e+01 9.322936463115269135e+01 9.886527853237768682e+01 9.064140095002852604e+01 7.527562018209829375e+01 8.001053298218593568e+01 9.980625788740614723e+01
